196	242	3	881250949
6	86	3	883603013
200	222	5	876042340
194	274	2	879539794
167	486	4	892738452
38	95	5	892430094
63	277	4	875747401
290	88	4	880731963
157	274	4	886890835
284	304	4	885329322
242	1137	5	879741196
81	432	2	876535131
72	679	2	880037164
87	384	4	879877127
290	143	5	880474293
20	288	1	879667584
138	26	5	879024232
167	232	1	892738341
60	427	5	883326620
243	15	3	879987440
194	165	4	879546723
254	1444	3	886475558
222	366	4	878183381
11	111	4	891903862
8	338	4	879361873
162	25	4	877635573
87	1016	4	879876194
28	209	4	881961214
135	23	4	879857765
216	144	4	880234639
128	485	3	879966895
194	385	2	879524643
72	195	5	880037702
222	750	5	883815120
41	265	3	890687042
216	658	3	880245029
87	274	4	879876734
194	1211	2	879551380
84	405	3	883452363
194	466	4	879525876
259	117	4	874724988
19	4	4	885412840
268	231	4	875744136
254	164	4	886472768
268	1035	2	875542174
222	755	4	878183481
200	673	5	884128554
38	328	4	892428688
72	48	4	880036718
15	405	2	879455957
232	483	5	888549622
259	255	4	874724710
52	280	3	882922806
161	202	5	891170769
272	178	5	879455113
194	181	3	879521396
6	14	5	883599249
54	106	3	880937882
194	1028	2	879541148
91	323	2	891438397
87	554	4	879875940
200	318	5	884128458
229	328	1	891632142
63	242	3	875747190
28	201	3	881961671
194	54	3	879525876
295	218	5	879966498
268	930	2	875742942
268	2	2	875744173
100	344	4	891374868
268	145	1	875744501
307	89	5	879283786
297	133	4	875240090
38	153	5	892430369
275	98	4	875155140
219	82	1	889452455
218	209	5	877488546
123	427	3	879873020
222	118	4	877563802
302	322	2	879436875
33	872	3	891964230
154	357	4	879138713
77	484	5	884733766
302	303	2	879436785
222	77	4	878183616
187	64	5	879465631
200	304	5	876041644
101	829	3	877136138
128	204	4	879967478
54	595	3	880937813
128	508	4	879967767
112	903	1	892440172
222	724	3	878181976
218	430	3	877488316
133	751	3	890588547
69	256	5	882126156
254	662	4	887347350
104	984	1	888442575
63	1067	3	875747514
144	89	3	888105691
200	96	5	884129409
142	169	5	888640356
275	597	3	876197678
222	151	3	878182109
87	40	3	879876917
272	1393	2	879454663
177	333	4	880130397
203	321	3	880433418
21	558	5	874951695
194	66	3	879527264
268	62	3	875310824
272	12	5	879455254
180	462	5	877544218
104	117	2	888465972
38	758	1	892434626
275	405	2	876197645
52	250	3	882922661
263	176	5	891299752
254	436	2	886474216
297	716	3	875239422
144	699	4	888106106
222	97	4	878181739
268	436	3	875310745
114	505	3	881260203
128	15	4	879968827
60	60	5	883327734
216	228	3	880245642
216	531	4	880233810
203	471	4	880434463
117	1047	2	881009697
11	558	3	891904214
295	194	4	879517412
257	137	4	882049932
111	328	4	891679939
91	480	4	891438875
187	210	4	879465242
222	278	2	877563913
96	156	4	884402860
72	1110	3	880037334
73	480	4	888625753
263	419	5	891299514
72	182	5	880036515
290	50	5	880473582
200	365	5	884129962
187	135	4	879465653
63	289	2	875746985
54	742	5	880934806
63	762	3	875747688
11	732	3	891904596
8	550	3	879362356
307	174	4	879283480
72	54	3	880036854
164	406	2	889402389
117	150	4	880125101
128	371	1	879966954
182	845	3	885613067
254	229	4	886474580
45	25	4	881014015
21	370	1	874951293
131	126	4	883681514
268	824	2	876518557
128	603	5	879966839
126	905	2	887855283
157	25	3	886890787
21	222	2	874951382
288	132	3	886374129
72	699	3	880036783
152	301	3	880147407
217	597	4	889070087
79	303	4	891271203
138	484	4	879024127
307	94	3	877122695
222	781	3	881059677
245	1028	5	888513447
295	961	5	879519556
222	812	2	881059117
69	240	3	882126156
6	98	5	883600680
243	1039	4	879988184
118	200	5	875384647
171	292	4	891034835
245	181	4	888513664
60	430	5	883326122
173	289	4	877556988
15	749	1	879455311
185	23	4	883524249
117	268	5	880124306
87	367	4	879876702
101	304	3	877135677
274	845	5	878945579
144	709	4	888105940
48	609	4	879434819
8	22	5	879362183
72	866	4	880035887
200	11	5	884129542
208	216	5	883108324
263	96	4	891298336
2	292	4	888550774
288	593	2	886892127
15	25	3	879456204
268	147	4	876514002
274	405	4	878945840
268	217	2	875744501
164	620	3	889402298
290	161	4	880474293
248	234	4	884534968
295	739	4	879518319
263	568	4	891299387
295	39	4	879518279
93	820	3	888705966
217	2	3	889069782
146	1022	5	891458193
126	294	3	887855087
77	518	4	884753202
268	21	3	875742822
156	661	4	888185947
232	52	5	888550130
77	172	3	884752562
118	774	5	875385198
77	474	5	884732407
295	190	4	879517062
272	317	4	879454977
87	82	5	879875774
194	172	3	879521474
167	659	4	892738277
54	302	4	880928519
21	440	1	874951798
216	55	5	880245145
254	121	3	886472369
194	23	4	879522819
161	48	1	891170745
47	324	3	879439078
69	268	5	882027109
21	129	4	874951382
173	328	5	877557028
79	50	4	891271545
284	322	3	885329671
254	378	3	886474396
104	301	2	888442275
6	463	4	883601713
297	57	5	875239383
254	357	3	886472466
6	301	2	883600406
104	285	4	888465201
21	447	5	874951695
111	301	4	891680028
6	258	2	883268278
128	317	4	879968029
11	227	3	891905896
126	245	3	887854726
20	208	2	879669401
144	742	4	888104122
218	208	3	877488366
275	186	3	880314383
2	251	5	888552084
72	568	4	880037203
87	401	2	879876813
161	318	3	891170824
196	393	4	881251863
180	202	3	877128388
203	93	4	880434940
288	305	4	886372527
84	742	3	883450643
21	164	5	874951695
185	287	5	883526288
297	89	4	875239125
73	206	3	888625754
104	756	2	888465739
60	162	4	883327734
6	69	3	883601277
217	182	2	889070109
208	663	5	883108476
100	354	2	891375260
275	418	3	875154718
96	87	4	884403531
297	73	2	875239691
84	121	4	883452307
275	265	4	880314031
135	1046	3	879858003
152	685	5	880149074
275	1091	2	875154535
53	281	4	879443288
307	634	3	879283385
2	50	5	888552084
144	125	4	888104191
72	234	4	880037418
185	216	4	883526268
149	319	2	883512658
176	875	4	886047442
284	269	4	885328991
106	526	4	881452685
84	1033	4	883452711
297	275	5	874954260
11	425	4	891904300
297	234	3	875239018
87	585	4	879877008
8	50	5	879362124
91	683	3	891438351
175	127	5	877107640
254	219	1	886475980
63	100	5	875747319
297	233	2	875239914
274	50	5	878944679
104	299	3	888442436
248	589	4	884534968
217	27	1	889070011
200	892	4	884127082
196	381	4	881251728
69	427	3	882145465
72	196	4	880036747
128	182	4	879967225
21	324	4	874950889
143	682	3	888407741
199	221	4	883782854
297	25	4	874954497
164	281	4	889401906
96	673	4	884402860
6	517	4	883602212
202	283	3	879727153
277	257	3	879543487
6	23	4	883601365
38	573	1	892433660
21	948	1	874951054
206	302	5	888180227
76	61	4	875028123
248	117	5	884535433
138	523	5	879024043
15	331	3	879455166
136	89	4	882848925
307	949	4	877123315
185	114	4	883524320
118	654	5	875385007
154	242	3	879138235
161	168	1	891171174
4	264	3	892004275
176	324	5	886047292
3	335	1	889237269
117	181	5	880124648
19	435	5	885412840
254	230	4	886472400
200	588	5	884128499
248	257	3	884535840
297	432	4	875239658
104	287	2	888465347
206	323	1	888179833
112	331	4	884992603
87	210	5	879875734
216	174	5	881432488
290	208	3	880475245
79	1161	2	891271697
4	303	5	892002352
144	831	3	888104805
138	517	4	879024279
208	197	5	883108797
3	245	1	889237247
101	596	3	877136564
162	1019	4	877636556
54	676	5	880935294
164	930	4	889402340
28	217	3	881961671
15	222	3	879455730
152	111	5	880148782
77	91	3	884752924
177	321	2	880130481
131	221	3	883681561
227	50	4	879035347
295	72	4	879518714
277	255	4	879544145
87	177	5	879875940
177	69	1	880131088
128	739	4	879969349
288	272	5	889225463
274	748	5	878944406
199	268	5	883782509
11	740	4	891903067
38	161	5	892432062
104	300	3	888442275
180	1119	3	877128156
252	277	4	891456797
117	15	5	880125887
216	196	5	880245145
203	282	1	880434919
144	153	5	888105823
100	268	3	891374982
76	175	4	875028853
263	1451	4	891299949
6	492	5	883601089
310	116	5	879436104
161	898	3	891170191
11	723	5	891904637
48	680	3	879434330
288	527	3	886373565
11	38	3	891905936
104	1016	1	888466002
106	582	4	881451199
60	208	5	883326028
243	208	4	879989134
81	280	4	876534214
200	478	5	884128788
295	172	4	879516986
63	1007	5	875747368
295	235	4	879517943
104	1010	1	888465554
156	641	5	888185677
290	132	3	880473993
45	109	5	881012356
277	1011	3	879543697
272	1101	5	879454977
176	327	3	886047176
257	1260	2	880496892
105	268	4	889214268
263	416	5	891299697
200	291	3	891825292
45	118	4	881014550
71	89	5	880864462
182	69	5	876435435
117	758	2	881011217
112	327	1	884992535
252	300	4	891448664
290	568	3	880474716
28	79	4	881961003
161	98	4	891171357
164	685	5	889402160
60	403	3	883327087
73	657	5	888625422
315	273	3	879821349
48	309	3	879434132
6	478	4	883602762
101	222	3	877136243
144	182	3	888105743
297	588	4	875238579
60	1021	5	883326185
38	679	5	892432062
84	748	4	883449530
103	24	4	880415847
135	39	3	879857931
177	243	1	882142141
118	475	5	875384793
104	293	3	888465166
142	82	4	888640356
227	295	5	879035387
3	337	1	889236983
30	539	3	885941454
154	289	2	879138345
180	68	5	877127721
144	508	4	888104150
73	94	1	888625754
177	203	4	880131026
73	56	4	888626041
120	546	2	889490979
101	471	3	877136535
128	482	4	879967432
275	69	3	880314089
185	740	4	883524475
307	687	1	879114143
259	772	4	874724882
81	742	2	876533764
19	655	3	885412723
79	100	5	891271652
277	279	4	879543592
217	144	4	889069782
117	151	4	880126373
46	307	3	883611430
91	28	4	891439243
196	251	3	881251274
307	1022	4	879283008
254	379	1	886474650
135	1208	3	879858003
263	510	4	891298392
277	282	4	879543697
185	199	4	883526268
315	13	4	879821158
101	405	4	877137015
60	525	5	883325944
263	197	4	891299752
138	496	4	879024043
217	7	4	889069741
261	340	5	890454045
176	258	4	886047026
81	169	4	876534751
88	750	2	891037276
263	117	3	891299387
9	298	5	886960055
196	655	5	881251793
203	148	3	880434755
247	736	5	893097024
227	411	4	879035897
11	725	3	891905568
103	127	4	880416331
11	110	3	891905324
45	763	2	881013563
161	162	2	891171413
177	209	4	880130736
30	435	5	885941156
315	185	4	879821267
106	778	4	881453040
84	12	5	883452874
261	875	5	890454351
112	289	5	884992690
144	106	3	888104684
199	258	4	883782403
103	121	3	880415766
152	412	2	880149328
307	265	3	877122816
164	117	5	889401816
232	197	4	888549563
21	103	1	874951245
128	228	3	879969329
248	475	5	884535446
203	181	5	880434278
74	272	5	888333194
177	56	5	880130618
45	473	3	881014417
131	1281	4	883681561
123	531	3	879872671
232	630	3	888550060
180	762	4	877126241
319	313	5	889816026
180	737	3	877128327
54	685	3	880935504
21	98	5	874951657
77	195	5	884733695
206	900	1	888179980
101	281	2	877136842
275	449	3	876198328
185	269	5	883524428
216	69	5	880235229
28	95	3	881956917
157	250	1	886890296
47	995	3	879440429
60	222	4	883327441
106	107	4	883876961
216	697	4	883981700
323	257	2	878739393
67	64	5	875379211
275	501	3	875154718
11	741	5	891902745
187	215	3	879465805
71	134	3	885016614
232	91	5	888549515
53	24	3	879442538
63	20	3	875748004
40	268	4	889041430
258	288	1	885700919
229	347	1	891632073
101	252	3	877136628
63	1028	3	875748198
275	520	4	880314218
73	357	5	888626007
4	361	5	892002353
15	473	1	879456204
219	347	1	889386819
295	704	5	879519266
76	582	3	882607444
272	48	4	879455143
52	95	4	882922927
208	202	4	883108476
177	299	4	880130500
15	678	1	879455311
167	364	3	892738212
228	475	3	889388521
323	223	4	878739699
307	509	3	877121019
54	298	4	892681300
295	47	5	879518166
290	82	4	880473918
290	393	3	880475169
323	298	4	878739275
135	431	2	879857868
138	211	4	879024183
219	882	3	889386741
60	604	4	883327997
63	50	4	875747292
69	300	3	882027204
259	959	4	888720593
135	449	3	879857843
142	181	5	888640317
69	174	5	882145548
175	96	3	877108051
180	431	4	877442098
320	117	4	884748641
310	24	4	879436242
91	427	4	891439057
196	67	5	881252017
232	175	5	888549815
175	71	4	877107942
162	181	4	877635798
117	829	3	881010219
320	177	5	884749360
173	286	5	877556626
67	1095	4	875379287
100	321	1	891375112
131	100	5	883681418
284	305	4	885328906
52	1086	4	882922562
217	22	5	889069741
257	345	4	887066556
63	222	3	875747635
111	313	4	891679901
15	932	1	879456465
15	127	2	879455505
310	536	4	879436137
187	523	3	879465125
67	147	3	875379357
40	880	3	889041643
131	750	5	883681723
81	3	4	876592546
53	174	5	879442561
123	135	5	879872868
96	479	4	884403758
3	343	3	889237122
310	845	5	879436534
4	357	4	892003525
272	127	5	879454725
28	98	5	881961531
259	269	3	877923906
28	173	3	881956220
77	238	5	884733965
38	139	2	892432786
81	824	3	876534437
41	28	4	890687353
117	50	5	880126022
154	488	4	879138831
302	323	2	879436875
229	313	2	891631948
126	262	4	887854726
173	323	5	877556926
156	276	3	888185854
208	88	5	883108324
315	305	5	881017419
164	299	4	889401383
93	412	2	888706037
177	960	3	880131161
38	432	1	892430282
60	47	4	883326399
319	338	2	879977242
15	685	4	879456288
123	192	5	879873119
47	340	5	879439078
320	294	4	884748418
106	692	3	881453290
76	92	4	882606108
48	174	5	879434723
144	685	3	888105473
96	153	4	884403624
93	15	5	888705388
84	528	5	883453617
54	268	5	883963510
263	921	3	891298727
38	465	5	892432476
307	100	3	879206424
187	116	5	879464978
277	1197	4	879543768
315	651	3	879799457
248	174	3	884534992
48	259	4	879434270
69	12	5	882145567
320	399	3	884749411
114	175	5	881259955
154	302	4	879138235
106	660	4	881451631
229	315	1	891632945
320	202	4	884750946
259	750	4	888630424
288	127	5	886374451
123	13	3	879873988
315	657	4	879821299
142	243	1	888640199
176	294	2	886047220
157	405	3	886890342
138	121	4	879023558
30	82	4	875060217
302	245	2	879436911
69	175	3	882145586
183	241	4	892323453
288	196	5	886373474
307	173	5	879283786
167	392	1	892738307
28	7	5	881961531
38	672	3	892434800
154	175	5	879138784
162	742	4	877635758
206	1394	1	888179981
73	588	2	888625754
123	847	4	879873193
290	222	4	880731778
177	79	4	880130758
77	168	4	884752721
117	405	5	880126174
248	127	5	884535084
28	380	4	881961394
290	476	3	880475837
320	284	4	884748818
138	151	4	879023389
79	246	5	891271545
206	245	1	888179772
323	117	3	878739355
277	273	5	879544145
176	288	3	886046979
112	354	3	891304031
106	703	4	881450039
161	174	2	891170800
77	125	3	884733014
84	529	5	883453108
74	288	3	888333280
217	82	5	889069842
112	750	4	884992444
20	11	2	879669401
20	176	2	879669152
79	508	3	891271676
152	147	3	880149045
162	121	4	877636000
315	431	2	879821300
76	135	5	875028792
217	195	5	889069709
284	906	3	885328836
46	690	5	883611274
274	288	4	878944379
263	333	2	891296842
131	845	4	883681351
33	307	3	891964148
100	355	4	891375313
106	828	2	883876872
320	1157	4	884751336
157	1132	3	886891132
261	117	4	890455974
112	748	3	884992651
48	690	4	879434211
180	79	3	877442037
101	282	3	877135883
67	1	3	875379445
177	919	4	880130736
232	705	5	888549838
261	259	4	890454843
74	326	4	888333329
4	260	4	892004275
261	294	4	890454217
91	172	4	891439208
288	742	3	886893063
111	887	3	891679692
74	9	4	888333458
227	293	5	879035387
203	336	3	880433474
143	331	5	888407622
183	96	3	891463617
27	742	3	891543129
320	68	5	884749327
74	285	3	888333428
81	476	2	876534124
331	7	4	877196633
315	8	3	879820961
106	435	3	881452355
232	8	2	888549757
96	91	5	884403250
232	1	4	880062302
315	98	4	879821193
93	222	4	888705295
2	314	1	888980085
331	486	3	877196308
332	770	3	888098170
69	258	4	882027204
329	100	4	891655812
54	820	3	880937992
274	25	5	878945541
208	204	3	883108360
232	275	2	885939945
323	333	4	878738865
202	515	1	879726778
332	566	4	888360342
164	597	4	889402225
185	127	5	883525183
138	493	4	879024382
288	1039	2	886373565
152	272	5	890322298
135	233	3	879857843
261	322	4	890454974
133	258	5	890588639
139	268	4	879537876
112	322	4	884992690
323	9	4	878739325
111	340	4	891679692
136	276	5	882693489
185	528	4	883526268
167	404	3	892738278
84	322	3	883449567
248	282	2	884535582
319	879	5	876280338
180	67	1	877127591
259	210	4	874725485
261	597	4	890456142
136	298	4	882693569
202	172	3	879726778
52	1009	5	882922328
162	685	3	877635917
152	25	3	880149045
300	948	4	875650018
76	811	4	882606323
74	237	4	888333428
81	411	2	876534244
15	20	3	879455541
208	514	4	883108324
73	12	5	888624976
28	234	4	881956144
96	519	4	884402896
247	751	3	893081411
45	472	3	881014417
323	127	5	878739137
332	975	3	887938631
216	143	2	881428956
331	479	2	877196504
157	283	4	886890692
261	339	5	890454351
48	308	5	879434292
73	475	4	888625753
101	369	2	877136928
257	258	3	879029516
53	845	3	879443083
320	99	4	884751440
258	323	4	885701062
3	323	2	889237269
106	213	4	881453065
331	133	3	877196443
167	1306	5	892738385
81	471	3	876533586
284	258	4	885329146
257	59	5	879547440
176	297	3	886047918
152	716	5	884019001
232	638	5	888549988
243	660	4	879988422
274	411	3	878945888
252	742	4	891455743
76	276	5	875027601
3	331	4	889237455
248	474	2	884534672
30	181	4	875060217
8	182	5	879362183
123	275	4	879873726
138	483	5	879024280
162	1047	5	877635896
216	577	1	881432453
91	423	5	891439090
332	693	5	888098538
167	603	4	892738212
126	878	5	887938392
300	243	4	875650068
245	222	4	888513212
243	225	3	879987655
152	132	5	882475496
91	193	3	891439057
173	300	4	877556988
154	484	4	879139096
52	748	4	882922629
126	884	5	887938392
320	42	4	884751712
114	269	4	881256090
9	691	5	886960055
315	17	1	879821003
183	562	3	891467003
152	97	5	882475618
39	315	4	891400094
302	309	2	879436820
257	276	5	882049973
133	328	3	890588577
71	346	4	885016248
157	748	2	886890015
217	566	4	889069903
259	405	3	874725120
272	8	4	879455015
76	1129	5	875028075
227	126	4	879035158
157	150	5	874813703
106	69	4	881449886
173	322	4	877557028
243	129	2	879987526
162	230	2	877636860
320	456	3	884748904
48	603	4	879434607
71	285	3	877319414
67	240	5	875379566
228	886	1	889387173
118	174	5	875385007
118	433	5	875384793
315	230	4	879821300
81	273	4	876533710
324	748	5	880575108
203	294	2	880433398
39	352	5	891400704
117	1	4	880126083
103	117	4	880416313
332	228	5	888359980
248	185	3	884534772
217	1222	1	889070050
331	47	5	877196235
81	118	2	876533764
288	200	4	886373534
136	117	4	882694498
91	507	4	891438977
324	1033	4	880575589
28	50	4	881957090
149	327	2	883512689
218	194	3	877488546
329	512	4	891656347
183	405	4	891464393
100	750	4	891375016
142	189	4	888640317
100	266	2	891375484
332	229	5	888360342
126	258	4	887853919
136	14	5	882693338
259	176	4	874725386
73	127	5	888625200
161	582	1	891170800
208	662	4	883108842
3	294	2	889237224
329	297	4	891655868
332	284	5	887938245
288	182	4	886374497
277	24	4	879543931
332	232	5	888098373
67	405	5	875379794
54	313	4	890608360
182	293	3	885613152
69	56	5	882145428
46	333	5	883611374
154	286	4	879138235
324	471	5	880575412
54	325	3	880930146
123	22	4	879809943
131	274	3	883681351
219	179	5	889492687
206	903	2	888180018
152	125	5	880149165
123	165	5	879872672
206	362	1	888180018
52	498	5	882922948
323	546	2	878739519
228	288	4	889387173
123	606	3	879872540
138	285	4	879023245
257	289	4	879029543
8	79	4	879362286
162	298	4	877635690
30	289	2	876847817
53	924	3	879443303
247	271	2	893081411
167	675	1	892738277
100	288	2	891374603
162	222	4	877635758
176	272	5	886047068
332	451	5	888360179
164	689	5	889401490
156	58	4	888185906
133	260	1	890588878
112	689	4	884992668
52	405	4	882922610
187	732	3	879465419
154	137	3	879138657
331	69	5	877196384
101	928	2	877136302
167	48	1	892738277
302	328	3	879436844
310	258	3	879435606
77	23	4	884753173
20	118	4	879668442
167	222	4	892737995
71	462	5	877319567
135	229	2	879857843
84	289	5	883449419
340	172	4	884990620
247	251	4	893081395
329	326	3	891656639
187	70	4	879465394
203	332	5	880433474
180	433	5	877127273
40	754	4	889041790
175	31	4	877108051
252	9	5	891456797
199	473	4	883783005
317	326	3	891446438
73	474	5	888625200
93	845	4	888705321
135	294	4	879857575
180	121	5	877127830
176	305	5	886047068
206	333	4	888179565
103	144	4	880420510
2	297	4	888550871
40	258	3	889041981
120	282	4	889490172
91	264	4	891438583
41	31	3	890687473
136	56	4	882848783
74	15	4	888333542
100	302	4	891374528
329	98	4	891656300
161	14	4	891171413
96	8	5	884403020
284	259	2	885329593
91	195	5	891439057
274	148	2	878946133
118	324	4	875384444
161	654	3	891171357
48	661	5	879434954
76	531	4	875028007
173	938	3	877557076
40	340	2	889041454
324	597	4	880575493
96	484	5	884402860
9	521	4	886959343
20	186	3	879669040
84	284	3	883450093
46	1062	5	883614766
20	172	3	879669181
135	227	3	879857843
74	126	3	888333428
45	127	5	881007272
53	228	3	879442561
2	290	3	888551441
274	275	5	878944679
77	498	5	884734016
48	210	3	879434886
332	233	4	888360370
284	339	3	885329671
274	496	5	878946473
252	129	4	891456876
332	673	5	888360307
9	487	5	886960056
185	237	4	883526268
243	275	3	879987084
120	25	5	889490370
39	258	4	891400280
69	1017	5	882126156
345	1160	3	884994606
19	153	4	885412840
272	11	4	879455143
164	458	4	889402050
345	722	3	884993783
41	486	4	890687305
219	13	1	889452455
345	708	3	884992786
100	340	3	891374707
248	181	4	884535374
206	288	5	888179565
76	100	5	875028391
345	651	4	884992493
126	332	2	887853735
345	202	3	884992218
187	427	5	879465597
118	176	5	875384793
182	237	3	885613067
242	934	5	879741196
284	682	3	885329322
331	1100	2	877196634
242	1152	5	879741196
156	205	3	888185735
340	435	4	884990546
96	645	5	884403020
317	350	5	891446819
118	156	5	875384946
79	124	5	891271870
114	1104	5	881260352
187	28	4	879465597
243	223	4	879988262
243	13	4	879987362
277	9	4	879543336
41	751	4	890686872
323	7	2	878739355
345	367	4	884993069
157	127	5	886890541
76	258	3	875027206
272	172	4	879455043
19	313	2	885411792
345	402	4	884993464
206	1127	4	888180081
48	187	5	879434954
79	288	3	891272015
53	100	5	879442537
20	678	4	879667684
123	285	5	879873830
164	313	5	889401284
55	144	5	878176398
3	332	1	889237224
243	93	2	879987173
323	79	4	878739829
242	305	5	879741340
114	195	4	881260861
261	748	3	890454310
4	356	3	892003459
96	64	5	884403336
162	42	3	877636675
245	94	2	888513081
126	323	3	887853568
227	9	3	879035431
349	411	4	879466232
27	596	2	891542987
8	294	3	879361521
79	937	2	891271180
206	896	4	888180018
135	54	3	879858003
52	257	3	882922806
323	1017	3	878739394
300	322	4	875650018
8	457	1	879361825
257	305	4	882049607
8	385	1	879362124
103	126	5	880420002
45	121	4	881013563
175	56	2	877107790
185	196	4	883524172
277	151	3	879543768
3	328	5	889237455
33	328	4	891964187
340	1	5	884990988
345	88	4	884992940
20	194	3	879669152
317	300	4	891446313
345	48	5	884902317
41	313	3	890685449
229	260	1	891632437
114	204	3	881260441
52	116	4	882922328
218	33	4	881288386
203	117	4	880434810
146	307	3	891457905
2	312	3	888550631
345	174	4	884992367
79	269	5	891271792
329	129	3	891655905
310	832	1	879436035
345	473	2	884991244
133	315	4	890588524
157	273	5	886889876
331	190	3	877196308
258	313	5	885700778
187	792	5	879465340
277	129	4	879543653
171	245	3	891034801
136	847	4	882693371
183	483	5	892323452
156	12	3	888185853
351	340	1	879481424
9	286	5	886960055
111	326	3	891680131
156	64	3	888185677
136	747	4	882848866
114	191	3	881309511
55	56	4	878176397
257	151	4	882050266
227	244	3	879035205
340	405	5	884991817
310	748	3	879435729
46	127	5	883616133
103	300	3	880416727
352	55	1	884289728
131	313	5	883681723
218	504	3	881288574
93	275	4	888705224
142	895	4	888640143
79	286	5	891271792
257	307	4	879029581
112	306	5	891299783
272	474	5	879454753
27	925	3	891543245
340	204	4	884990004
157	407	4	886891218
149	269	5	883512557
196	306	4	881251021
118	547	5	875385228
351	879	5	879481461
118	185	5	875384979
100	689	3	891375212
46	288	2	883611307
218	265	3	881288408
362	333	5	885019261
176	751	1	886046979
331	100	4	877196308
8	89	4	879362124
356	313	5	891405651
218	516	5	877488692
142	28	4	888640404
3	334	3	889237122
351	873	3	879481643
352	746	4	884290361
350	174	5	882346720
154	806	4	879139040
229	875	1	891632402
71	475	5	877319330
258	310	5	885700778
88	302	3	891037111
218	273	4	881288351
228	651	4	889388521
310	304	5	879435664
229	358	1	891632437
53	181	4	879443046
39	333	4	891400214
3	350	3	889237076
247	257	4	893081396
258	311	4	885700946
114	157	2	881260611
55	1089	1	878176134
52	657	5	882922833
154	202	3	879139096
111	1024	3	891679939
229	286	4	891633029
329	591	2	891655812
218	695	3	881288574
218	762	4	877489091
329	79	4	891656391
33	343	4	891964344
114	183	5	881260545
300	328	3	875650068
71	222	3	877319375
356	937	2	891406040
8	190	4	879362183
368	379	4	889783562
371	97	5	877487440
196	238	4	881251820
2	281	3	888980240
156	192	4	888185735
259	762	2	883372151
245	112	4	888513575
173	294	5	877556864
53	199	5	879442384
55	89	5	878176398
274	546	3	878945918
33	258	4	891964066
176	250	4	886047963
120	9	4	889489886
331	454	3	877196702
40	271	2	889041523
55	1016	1	878176005
175	176	3	877107255
143	328	4	888407656
45	1061	2	881016056
103	222	3	880415875
370	56	2	879434587
27	298	4	891543164
371	175	1	877487266
243	713	3	879987495
349	105	2	879466283
257	50	5	882049897
227	276	4	879035251
196	663	5	881251911
111	269	5	891679692
340	1133	5	884991742
136	313	2	882693234
136	1142	4	882693569
112	347	1	891302716
136	223	4	882848820
350	1	4	882345734
208	302	1	883108157
105	258	5	889214306
156	137	4	888185735
372	159	5	876869894
114	507	3	881260303
258	893	1	885701099
259	12	5	874809192
2	13	4	888551922
131	1	4	883681384
33	313	5	891963290
142	362	3	888639920
247	272	4	893081381
199	242	5	883782485
46	313	5	883611274
45	476	3	881015729
156	317	4	888185906
329	515	4	891655932
93	476	4	888705879
67	121	4	875379683
20	405	3	879668555
2	280	3	888551441
368	50	4	889783678
40	303	4	889041283
45	276	5	881012184
372	219	5	876869481
329	258	3	891656639
146	262	4	891457714
324	298	5	880575493
27	281	3	891543164
350	228	4	882347598
366	853	5	888857750
183	225	1	891467546
149	305	4	883512658
67	1093	5	875379419
41	170	4	890687713
120	257	2	889490979
88	321	1	891037708
247	111	5	893097024
368	637	2	889783617
171	327	4	891034835
370	265	5	879434636
199	324	1	883782509
146	1294	4	891457749
71	56	5	885016930
30	678	2	885942002
377	443	4	891299078
142	350	4	888639882
352	182	5	884290328
67	151	4	875379619
47	321	4	879439040
284	313	3	885328727
199	322	2	883782636
46	328	4	883611430
284	344	4	885329593
375	44	3	886622131
252	268	5	891455329
329	269	4	891655191
175	629	3	877107942
131	275	2	883681384
55	678	3	878176206
331	277	4	877196384
74	1084	3	888333542
199	678	1	883782636
67	743	4	875379445
351	1316	4	883356883
380	176	3	885481179
183	250	2	891464352
126	322	3	887854777
227	117	2	879035493
149	312	1	883512950
349	370	2	879466283
375	583	2	886622131
380	197	3	885478886
103	527	5	880416238
88	881	5	891038103
67	276	4	875379515
182	172	5	876435435
41	746	3	890687019
41	435	3	890687550
33	895	3	891964187
139	303	5	879538021
41	98	4	890687374
2	303	4	888550774
156	211	4	888185606
377	354	4	891296044
219	303	4	889386799
182	864	4	885613092
380	530	5	885478886
139	458	4	879538578
340	418	5	884990669
208	430	4	883108360
74	100	4	888333428
131	14	5	883681313
350	530	4	882346161
173	260	4	877557345
30	1007	5	885941156
356	689	5	891406372
362	258	4	885019435
227	286	3	879035072
182	763	3	885613092
352	216	4	884290390
105	272	4	889214284
126	289	3	887855174
247	50	5	893097024
20	1	3	879667963
261	1025	5	890455190
372	635	5	876869445
9	6	5	886960055
142	89	3	888640489
219	546	4	889387867
366	448	5	888857990
310	257	5	879436576
369	948	2	889428228
208	381	3	883108873
199	988	1	883782655
366	672	5	888858078
310	14	5	879436268
386	455	3	877654961
380	132	4	885479186
149	308	2	883512658
30	255	4	875059984
310	274	3	879436534
340	265	5	884990470
302	307	4	879436739
351	313	5	883356562
356	272	5	891405651
55	254	2	878176206
41	69	4	890687145
340	186	4	884991082
371	24	4	877487500
372	200	5	876869481
349	847	4	879466507
380	177	3	885479082
371	177	4	877487135
74	150	3	888333458
183	1217	3	891466405
196	111	4	881251793
114	496	4	881259994
380	1449	4	885478845
71	923	5	885016882
203	326	4	880433398
9	479	4	886959343
352	4	3	884290328
380	587	4	885479274
386	121	3	877655145
196	580	2	881252056
133	322	2	890588852
350	153	3	882347466
340	526	5	884991396
30	286	5	885941156
9	340	4	886958715
229	349	4	891633028
377	748	4	891296945
88	301	4	891037618
350	340	4	882346257
302	879	2	879436960
349	744	2	879465785
350	657	5	882346663
380	186	3	885479355
368	396	2	889783617
380	241	2	885479997
380	313	4	885477859
372	183	5	876869667
392	178	5	891038945
366	447	5	888857990
380	172	3	885478334
368	551	4	889783617
352	96	4	884290328
120	924	4	889490290
302	270	2	879436785
300	261	3	875650018
324	1094	5	880575715
105	307	2	889214381
199	294	1	883782636
370	42	3	879435462
88	315	4	891037276
183	88	3	891466760
9	527	3	886959344
199	111	3	883783042
146	347	3	891457493
228	313	5	889387172
182	423	5	876436480
375	356	4	886622131
219	132	5	889403668
182	121	3	885613117
229	750	2	891631948
356	748	4	891406500
30	688	3	885941492
245	411	3	888513425
111	272	3	891679692
227	116	4	879035347
340	181	4	884991431
139	127	5	879538578
19	310	4	885412063
182	100	3	885613067
33	292	4	891964244
146	313	4	891457591
370	116	3	879434707
317	328	4	891446438
391	527	3	877399541
352	7	3	884290549
149	896	4	883512689
324	754	5	880575045
258	751	5	885700946
392	333	4	891037531
183	720	4	892323453
392	302	5	891037385
372	672	5	876869512
173	242	5	877556626
120	405	4	889490580
149	310	2	883512689
228	650	3	889388662
219	114	5	889403091
105	286	4	889214306
368	436	3	889783562
377	288	5	891295937
30	28	4	885941321
258	315	3	885701004
368	219	2	889783453
175	183	4	877107942
351	984	5	879481675
261	359	5	890454351
362	312	5	885019504
173	1265	3	877557239
175	669	1	877107790
252	275	5	891456464
371	237	5	877487052
149	301	3	883512813
88	261	5	891038103
182	471	4	885613216
372	148	5	876869915
369	271	5	889428642
372	1083	3	876869878
228	87	1	889388662
368	288	3	889783453
352	173	1	884290361
371	179	3	877487364
319	302	4	876280242
356	328	4	891406241
146	688	1	891457749
171	1022	3	891034889
369	988	3	889428228
351	538	4	879481495
105	333	3	889214268
142	288	3	888639837
245	473	2	888513344
55	685	1	878176134
229	748	3	891632402
351	1105	4	883356833
391	188	3	877399658
46	151	4	883616218
27	121	4	891543191
370	657	3	879434636
366	185	5	888857750
46	181	4	883616254
33	333	4	891964259
111	896	2	891680243
375	684	4	886622066
228	204	3	889388662
47	302	5	879439040
4	294	5	892004409
368	96	3	889783678
146	302	4	891457538
370	705	3	879434666
40	243	2	889041694
366	860	2	888858078
149	689	2	883512950
353	286	5	891402757
88	690	4	891037708
362	336	2	885019468
46	1024	5	883614766
175	483	5	877107339
352	181	4	884289693
368	567	3	889783617
39	900	3	891400159
400	328	3	885676490
392	258	2	891037531
53	250	2	879442920
392	1143	4	891038158
175	9	4	877108146
391	264	1	877398704
392	492	4	891038979
9	507	4	886959343
368	17	5	889783562
392	165	5	891038433
324	283	3	880575531
371	55	4	877487364
103	50	5	880416864
71	276	4	877319375
392	23	5	891038466
171	302	4	891034606
392	293	4	891038137
391	56	5	877399745
103	471	4	880416921
366	436	5	888857932
353	271	2	891402567
55	405	1	878176134
171	344	3	891034889
375	761	3	886622131
19	692	3	885412840
370	209	5	879435461
392	179	5	891038946
40	333	4	889041402
139	246	4	879538218
370	12	4	879435369
392	276	4	891039049
139	508	4	879538255
258	873	5	885701062
370	238	4	879435369
372	441	4	876869512
352	234	4	884290549
372	874	4	876869238
372	547	5	876869481
40	345	4	889041670
27	370	4	891543245
183	159	4	892323452
377	100	3	891298589
352	657	4	884290428
377	751	3	891296044
370	175	3	879434804
19	382	3	885412840
350	324	4	882345384
391	26	5	877399745
386	50	4	877654961
139	286	4	879537844
146	300	3	891457943
391	180	5	877399066
369	181	5	889428642
391	134	4	877399171
71	289	2	877319117
324	332	3	880574766
4	288	4	892001445
408	689	3	889680045
242	361	5	879741340
410	300	3	888626538
370	511	4	879434804
27	246	4	891542897
350	616	4	882346383
391	197	5	877399380
400	300	4	885676230
228	427	4	889388547
53	258	4	879442654
19	201	3	885412839
411	172	5	892845604
375	443	4	886622024
324	127	4	880575658
371	746	4	880435397
377	154	5	891298627
349	455	2	879465712
300	872	5	875650068
410	312	2	888626881
27	978	2	891543222
391	357	5	877399486
375	1073	2	886621950
27	475	2	891542942
171	313	4	891034835
351	359	4	879481589
242	291	3	879740593
40	347	2	889041283
143	347	5	888407741
391	15	4	877399805
228	655	4	889388489
300	257	4	875650267
350	176	4	882347653
411	651	4	891035278
371	663	5	880435238
319	267	4	875707690
302	258	3	879436739
391	97	4	877399301
410	882	3	888626612
366	218	3	888857866
202	484	4	879727153
146	346	4	891457591
349	823	4	879466156
377	323	2	891297001
171	268	4	891034684
400	259	3	885676490
27	515	4	891543009
349	475	4	879466479
411	182	3	891035278
411	209	4	891035550
47	292	4	879438984
247	1	4	893097024
317	271	3	891446575
350	211	2	882347466
400	895	4	885676452
39	345	3	891400159
349	237	2	879466062
120	245	3	889490633
428	307	4	885944110
351	292	4	879481550
149	321	2	883512856
120	286	5	889489943
39	306	3	891400342
427	938	5	879701253
302	299	2	879436932
356	300	3	891405978
317	331	4	891446190
427	682	5	879701325
427	341	5	879701253
366	164	5	888857932
247	151	4	893081396
362	268	2	885019435
252	740	3	891456738
349	412	1	879466366
33	751	4	891964188
408	683	3	889679982
424	1346	4	880859519
111	333	4	891680028
435	780	2	884133284
424	25	4	880859723
228	327	1	889387216
375	566	4	886621985
411	1470	3	892845746
88	904	5	891037276
366	443	5	888857866
4	50	5	892003526
424	261	3	880859115
433	302	5	880585028
428	690	5	885943651
371	174	4	877487751
171	306	3	891034606
435	240	3	884133818
349	9	4	879465477
139	307	4	879537876
436	238	3	887769693
435	299	4	884130671
400	689	3	885676316
324	258	4	880575107
434	1060	3	886724733
435	380	3	884133026
369	114	5	889428642
252	100	5	891456797
219	935	3	889387237
386	546	2	877655195
436	161	4	887771897
362	288	4	885019304
428	340	4	885943749
258	243	3	885701024
428	316	4	892572382
93	235	4	888705939
139	222	3	879538199
375	39	3	886622024
120	252	3	889490633
427	680	5	879701326
431	286	4	877844062
351	990	5	879481461
434	815	4	886724972
428	875	4	885944136
435	431	3	884131950
427	300	4	879700908
436	73	4	887769444
436	411	4	887771022
202	173	2	879726914
435	1034	2	884134754
435	462	5	884131328
436	174	3	887769335
440	690	4	891546698
353	300	3	891402310
411	405	4	891035152
435	443	3	884132777
353	316	5	891402757
435	693	3	884131118
317	245	4	891446575
436	132	1	887769824
435	756	3	884134134
427	302	4	879700759
133	304	3	890588639
436	454	4	887768982
242	1357	5	879741196
242	237	4	879740594
386	7	3	877655028
411	196	4	892845804
435	746	4	884132184
377	219	3	891299078
366	573	5	888858078
133	294	3	890588852
202	286	1	879726342
408	748	5	889680073
300	100	3	875650267
47	268	4	879439040
143	325	5	888407741
47	323	2	879440360
202	604	5	879727058
245	50	4	888513664
356	892	1	891406241
446	332	3	879787149
356	333	5	891405978
375	300	4	886621795
47	306	4	879439113
436	133	3	887768982
439	125	3	882893688
431	748	4	877844377
428	332	4	885943749
19	258	4	885411840
431	538	4	881127620
245	240	1	888513860
105	752	3	889214406
252	7	4	891455743
242	306	5	879741340
219	568	1	889452455
452	25	2	875559910
93	477	5	888705053
411	168	5	892845604
375	218	3	886622024
433	173	4	880585730
258	748	5	885701004
319	880	4	889816332
317	268	3	891446371
371	98	5	877487213
93	815	4	888705761
452	523	2	887889774
410	286	4	888627138
453	1032	1	877561911
414	100	5	884999439
414	264	3	884998993
453	421	4	888203015
452	1109	2	875273609
453	125	3	877561349
436	658	5	887769673
453	98	4	877554396
452	152	2	875264826
39	300	3	891400280
120	148	3	889490499
4	354	5	892002353
319	333	4	875707746
452	495	4	875560508
439	14	5	882893245
436	433	5	887770428
436	1206	3	887769868
452	134	3	875265446
452	736	3	887890174
440	886	5	891550404
362	294	3	885019357
377	164	4	891299009
453	248	4	887942143
408	258	3	889679857
93	125	1	888705416
433	50	5	880585885
377	1105	3	891296275
414	294	2	884999128
440	1038	5	891550404
433	325	2	880585554
428	343	2	885944093
410	748	2	888626857
453	246	5	877552590
88	886	5	891038103
55	257	3	878176084
439	13	3	882893171
55	273	5	878176047
452	435	3	885476560
317	323	2	891446819
424	9	5	880859623
462	682	5	886365231
459	934	3	879563639
452	191	5	876299004
453	697	4	877561235
317	351	3	891446819
39	347	4	891400704
247	28	5	893097024
427	319	3	879700486
434	406	3	886725027
460	10	3	882912371
452	641	3	875266415
462	895	4	886365297
461	50	3	885356089
452	61	1	887718917
4	271	4	892001690
459	596	3	879562939
245	21	3	888513502
460	327	4	882912418
431	879	3	877844489
459	194	3	879566291
139	1176	4	879538080
467	1017	2	879532403
9	276	4	886959423
105	324	4	889214245
431	323	3	877844559
439	242	5	882892424
139	296	4	879538218
460	257	2	882912342
411	451	4	892845634
459	1060	1	879563668
356	326	4	891406193
459	216	3	879566321
453	356	2	888205866
252	14	4	891456876
459	134	3	879564941
461	302	3	885355646
463	1132	1	889937778
428	750	5	885943651
369	168	3	889428494
410	313	5	888627137
459	358	2	879561783
319	340	3	879975481
471	95	4	889827822
463	455	3	877385457
414	678	1	884999066
433	682	2	880585431
471	140	5	889827918
411	770	4	892845634
410	289	1	888626819
105	288	4	889214335
453	1157	2	888206576
459	357	4	879564308
460	744	3	882912261
386	1016	4	877654961
317	313	4	891446208
410	538	3	888626710
469	513	5	879523891
300	456	4	875650267
105	270	5	889214245
460	275	3	882912261
460	20	4	882912469
469	855	4	879524302
319	307	4	879975504
476	715	4	883364745
408	300	3	889679857
202	258	4	879726342
88	308	4	891037396
476	792	4	883365019
411	186	5	892845605
202	423	3	879727116
463	250	4	889935953
463	950	3	877385590
453	73	4	888206132
463	225	3	877385489
461	259	2	885355679
428	313	5	885943749
424	294	5	880858979
386	281	3	877655145
133	308	4	890588639
446	269	4	879787730
463	24	3	877385731
427	263	5	879701253
463	347	1	889936589
463	242	2	889935629
424	14	4	880859552
470	475	4	879178568
476	1037	1	883365384
463	593	1	877386923
460	297	3	882912342
434	369	4	886724972
453	566	3	877561593
171	262	4	891034641
463	21	1	890453075
440	1073	4	891577814
440	1504	4	891578226
461	682	1	885355705
171	340	3	891034756
467	50	4	879532385
408	319	5	889679947
362	323	2	885019651
356	315	4	891405619
410	898	3	888627138
467	150	4	879532385
446	748	2	879787149
143	272	4	888407586
469	499	5	879524485
459	978	2	879563435
428	301	4	885943782
463	410	1	890530286
143	333	5	888407708
459	322	4	879561679
427	1296	5	879701225
400	321	4	885676452
424	989	2	880859084
482	321	3	887644023
471	596	1	889827881
462	358	1	886365638
471	477	5	889827918
431	988	2	877844657
431	322	4	877844559
439	257	4	882893737
414	310	4	884998993
467	762	3	879532478
460	129	3	882912261
471	99	2	889827918
469	484	5	879524062
461	321	3	885355757
408	286	3	889679683
461	1006	5	885355890
459	181	4	879562939
362	302	5	885019260
446	883	3	879786837
433	690	2	880585028
470	1097	3	879178487
489	1293	5	891446623
424	683	3	880859084
434	546	5	886725076
483	237	3	878953019
433	748	4	880585491
471	588	1	889827881
428	289	4	885943981
242	1	4	879740362
482	988	4	887643499
146	258	4	891457714
400	304	4	885676490
489	342	3	891445199
446	294	1	879786984
242	475	3	879740223
440	283	5	891577894
467	264	2	879532296
471	94	5	889828081
433	657	5	880585802
483	144	2	878954228
19	319	4	885411465
434	121	4	886724666
460	286	4	882910838
353	328	2	891402259
467	109	5	879532550
476	204	4	883364325
319	269	3	875707746
460	289	4	882910838
433	60	5	880585700
362	328	2	885019504
440	512	3	891578059
498	475	3	881954617
470	294	3	879178237
476	232	3	883364250
440	515	4	891578301
470	824	4	879178731
434	275	3	886724633
133	272	5	890588672
489	289	2	891366748
462	289	5	886365837
133	346	3	890588577
469	610	4	879523947
491	475	4	891185170
491	45	5	891189631
498	176	2	881956498
427	874	5	879701326
39	313	4	891400159
319	268	4	889816026
427	245	5	879701326
362	264	1	885019695
467	268	5	879532164
460	532	3	882912370
462	332	5	886365706
434	220	5	886724873
446	880	2	879786943
408	288	4	889679791
386	515	5	877654961
424	275	5	880859410
369	50	5	889428642
476	72	4	883364433
502	892	2	883702867
434	125	5	886724708
424	689	1	880858887
446	326	2	879786943
33	245	3	891964326
502	301	1	883702370
440	323	1	891577504
467	288	4	879532804
489	292	4	891366693
433	194	5	880585759
446	311	2	879787858
424	243	4	880859115
469	136	4	879524062
489	321	3	891447845
462	678	3	886365335
431	754	3	881127436
143	313	5	888407586
440	751	3	891549397
498	191	4	881957054
498	192	5	881957546
483	181	4	878950971
483	900	3	885170586
369	243	3	889428228
470	544	3	879178830
489	1238	4	891445352
105	748	2	889214406
446	288	2	879786838
482	289	3	887644023
386	222	4	877654961
414	300	4	884999066
443	271	4	883504682
469	641	4	879524241
470	268	2	879178216
476	765	4	883365442
431	307	3	879038461
498	127	4	881954219
470	919	3	879178370
514	96	5	875311192
508	238	4	883767343
511	346	4	890004686
514	15	4	875309350
498	54	2	881961745
498	187	4	881955960
489	310	4	891449022
483	462	3	884047754
467	257	4	879532512
489	881	2	891447586
469	153	4	879523891
446	888	1	879787859
461	269	3	885355705
469	605	4	879524302
470	950	3	879178645
470	546	4	879178950
489	457	3	891449254
498	474	4	881957905
512	265	4	888580143
513	117	5	885062519
400	749	4	885676452
512	23	4	888580248
508	195	3	883767565
498	522	3	881956499
446	303	2	879787859
461	313	4	885355646
516	199	3	891290649
510	289	2	887667751
434	756	2	886725027
476	781	4	883365135
202	204	3	879727058
470	93	4	879178518
514	429	4	875311225
470	221	4	879178370
443	323	2	883504866
471	418	3	889827757
514	746	5	875309276
483	250	3	878952837
467	240	3	879532773
514	328	3	885180947
440	971	5	891577871
520	315	4	885169083
508	69	3	883776748
514	189	5	875318291
508	144	3	883767728
386	833	3	877655195
483	249	2	878952866
508	735	4	883775341
511	292	5	890004686
245	133	2	888513058
498	197	5	881958414
433	59	5	880585730
469	530	5	879524376
508	172	5	883767157
483	449	3	878953593
489	271	4	891448706
530	527	4	883784654
531	990	5	887048789
39	937	5	891400704
353	272	5	891402757
476	1188	2	883364780
514	47	4	875462645
502	683	3	883702867
467	100	5	879532420
483	313	2	884046430
483	271	3	881273325
508	188	4	883767325
476	238	3	883364324
143	323	3	888407656
511	313	5	890004702
491	19	4	891185209
489	272	5	891448367
514	402	4	875463245
439	405	4	882893323
476	944	2	883364813
408	315	5	889679715
508	568	4	883777237
502	294	3	883702255
502	879	3	883701980
498	258	2	881955080
514	175	4	875462426
510	330	2	887667808
469	194	5	879524116
483	277	3	878952636
202	481	1	879726642
514	302	5	885180556
471	1	4	889827881
520	283	4	885170516
513	472	4	885062636
431	300	4	877844248
434	1051	3	886724453
514	748	2	875463906
439	282	3	882893859
502	890	2	883702945
526	7	4	885682400
512	1	4	888589126
482	298	4	887644085
534	1047	4	877808361
508	223	4	883767361
408	347	3	889679761
511	271	5	890004879
491	657	5	891189306
408	539	1	889680018
439	93	4	882893737
520	1051	3	885170585
443	258	5	883504617
534	455	5	877807816
508	150	5	883767325
369	172	5	889428642
511	299	2	890004827
512	198	5	888579920
508	13	4	883777366
513	546	4	885062601
530	535	4	886198575
526	269	5	885681886
512	318	5	888579569
512	11	5	888579520
386	117	5	877655028
516	191	4	891290685
353	326	2	891402444
482	257	4	887644063
539	382	5	879787825
531	905	4	887049166
534	926	4	877807780
410	886	2	888627018
300	876	5	875650105
534	117	5	877807973
547	328	4	891282757
520	269	5	885168591
546	413	4	885140808
512	1459	4	888579569
410	328	3	888626786
443	327	4	883504593
510	325	1	887667575
534	237	4	877808002
544	326	3	884795580
471	969	2	889828154
546	928	4	885141132
530	156	4	883790381
439	288	3	882892424
526	315	5	885682102
516	523	3	891290649
511	294	4	890005011
544	312	2	884796086
439	475	3	882893220
540	7	4	882157011
482	301	4	887643315
534	1028	5	877807816
547	316	5	891282797
556	327	5	882135508
511	333	4	890004778
482	295	3	887644063
560	7	3	879975718
540	100	5	882156948
526	283	3	885682400
560	123	2	879976542
511	355	2	890004827
530	476	4	886198206
560	108	1	879976988
431	245	4	877844489
526	301	2	885682031
511	358	1	890004916
512	313	3	888578289
369	166	4	889428418
534	591	5	877807845
540	50	5	882156948
400	307	3	885676526
556	496	5	882136252
530	1300	2	890627207
526	875	3	885682264
539	661	5	879788045
520	289	4	885169052
400	323	4	885676582
556	192	5	882136440
534	1034	3	877808120
491	273	5	891188230
520	300	4	885168906
516	628	4	891290649
530	214	2	886202320
539	242	5	879787770
546	17	4	885141411
530	692	4	883784258
558	116	5	879436396
556	170	4	882136162
520	1028	1	885170476
526	270	3	885681860
564	1399	2	888718470
560	1160	3	879976215
400	288	4	885676365
544	1280	3	884795542
530	328	4	886198454
565	52	5	891037524
510	286	3	887667439
502	338	4	883702370
576	9	3	887168978
512	97	5	888579520
471	8	5	889827881
491	190	4	891189631
510	294	3	887667681
546	672	3	885141438
540	109	4	882157194
539	19	5	879788007
513	265	5	885062919
560	203	4	879975613
511	895	4	890004863
547	301	3	891282680
531	323	5	887049081
531	289	3	887048862
576	280	5	886985003
534	930	4	877808002
540	245	3	882157172
534	24	5	877807780
558	936	5	879436396
530	322	4	886203949
564	333	3	888718521
556	520	5	882136441
534	595	4	877807747
560	118	3	879976892
546	118	5	885141260
369	919	5	889428642
575	215	3	878148229
584	114	4	885778238
560	319	4	879975173
546	286	2	885139580
564	750	3	888718771
576	825	4	886986304
526	346	3	885681860
565	179	5	891037778
546	98	5	885141332
568	606	5	877907720
568	835	4	877907157
502	358	4	883702518
556	479	5	882136162
560	756	2	879977032
576	435	4	886986400
585	1488	4	891283921
47	683	3	879439143
560	864	3	879976970
546	288	4	885141260
520	274	3	885170516
462	271	1	886365928
560	260	1	879977973
565	212	5	891037453
560	423	4	879975586
556	48	5	882136252
439	1048	4	882893602
526	147	4	885682503
564	827	3	888731038
540	741	3	882157797
530	50	4	883781669
584	258	4	885774483
591	787	3	891031500
547	354	4	891282640
585	1347	2	891285658
539	50	3	879788136
591	1017	3	891039616
546	346	5	885139634
539	131	4	879788159
575	322	3	878146541
516	310	4	891290565
491	340	4	891189716
530	178	5	883787080
585	582	3	891282894
539	483	5	879788101
546	436	5	885141438
414	272	5	884998953
540	742	4	882157584
511	880	5	890004778
568	269	4	877906547
540	150	3	882157036
576	181	4	887081041
596	678	3	883538965
570	303	5	881262256
568	194	3	877907671
576	70	5	886986361
546	458	1	885140689
558	124	4	879435855
568	923	3	877906995
597	328	4	875339132
531	457	1	887049341
578	294	3	888957453
602	678	4	888638193
575	506	2	878148087
600	92	3	888451665
353	340	4	891401942
47	327	4	879440360
576	381	3	886986445
510	358	1	887667780
443	644	3	883505465
568	59	1	877906995
595	1264	2	887588203
556	325	2	882135684
539	185	4	879788101
568	954	2	877907671
516	181	4	891290566
597	824	3	875342875
600	229	3	888451840
600	1110	3	888452564
414	346	5	884999037
600	127	5	888451492
575	181	2	878148295
591	1099	5	891031203
568	185	4	877907834
544	332	3	884795437
575	507	2	878148137
558	508	5	879436396
482	311	4	887643340
568	1050	4	877907835
585	113	3	891283681
526	754	2	885681886
585	463	5	891284816
547	311	2	891282699
600	1228	2	888452490
539	367	3	879787801
595	1067	4	886922069
568	475	4	877907782
462	321	5	886365734
502	333	4	883701866
556	132	5	882136396
526	886	3	885682077
565	640	4	891037837
531	332	4	887048813
353	332	5	891402757
595	1134	5	886921392
609	538	1	886895795
600	227	4	888451977
597	300	5	875338983
600	554	4	888451977
568	525	3	877907720
616	269	4	891224517
591	191	5	891031116
585	1512	5	891283000
558	19	5	879436396
600	2	3	888451908
571	496	3	883354886
520	678	2	885170330
461	121	2	885355890
510	687	2	887667752
512	191	4	888579747
482	876	3	887644023
575	173	5	878148258
540	125	3	882157011
602	304	4	888638022
540	1	3	882157126
585	863	5	891283000
597	1152	4	875339876
604	444	2	883668175
540	249	3	882157687
591	382	4	891031500
512	527	5	888579645
591	322	2	891031013
596	123	2	883539767
600	583	3	888451977
585	730	3	891285188
597	242	4	875338983
544	286	4	884795135
595	289	4	886920602
558	847	4	879436396
616	300	4	891224644
558	14	4	879436097
585	1266	3	891286059
628	270	5	880776981
565	730	5	891037837
516	902	5	891290565
585	1524	3	891283124
575	483	3	878148137
600	1407	2	888453083
595	1059	4	886921344
591	740	4	891039974
539	153	5	879788533
570	245	1	881262497
585	212	5	891282894
516	50	5	891290565
595	825	2	886921606
565	170	5	891037291
539	956	5	879788405
461	255	2	885355890
591	204	4	891031500
600	38	3	888452491
591	286	4	891030956
520	25	4	885170476
491	900	5	891189761
602	125	4	888638674
510	881	2	887667838
414	258	5	884998953
414	260	3	884999193
631	272	4	888464916
604	183	3	883668021
565	855	5	891037628
596	258	3	883539011
595	1094	3	886921820
597	988	1	875339237
595	928	3	886921820
544	689	2	884795706
544	325	1	884796016
591	56	4	891031344
547	347	4	891282680
609	287	5	886894940
510	678	4	887667780
482	127	4	887644063
578	380	3	888957833
510	259	2	887667708
628	330	5	880777096
502	539	3	883701980
576	259	2	887168978
597	936	3	875343067
556	507	5	882136205
598	323	4	886711452
616	355	4	891224881
491	285	5	891185919
510	288	3	887667545
353	258	5	891402757
595	742	2	886921521
628	168	4	880777167
631	286	3	888465033
513	181	5	885062332
564	121	4	888730534
636	222	5	891449148
645	748	1	892052039
595	763	3	886921551
598	349	4	886711452
491	1281	3	891186806
462	313	5	886365231
645	69	4	892053644
595	129	3	886921088
591	275	4	891039974
609	878	1	886895827
300	288	4	875649995
531	312	5	887048899
556	64	5	882136162
443	286	5	883504521
647	554	4	876533810
604	234	5	883668097
576	237	4	886985003
647	748	4	876532501
651	292	2	879348881
604	185	2	883668175
628	302	5	880776981
443	678	2	883504818
491	236	4	891185919
570	302	4	881262145
462	310	5	886365197
645	179	5	892054600
597	298	5	875339723
462	315	4	886365837
414	301	3	884999128
520	242	5	885168819
565	10	5	891037453
604	413	3	883668175
636	596	5	891449212
544	258	3	884795135
609	901	1	886895886
353	245	4	891402405
631	346	4	888465004
531	358	1	887049187
461	347	4	885355679
596	288	4	883538847
647	326	3	876532517
651	306	5	880126473
547	258	4	891282596
575	194	4	878148087
502	893	2	883702867
616	689	4	891224748
576	56	3	886986444
570	326	1	881262437
645	675	4	892053747
576	275	3	886985695
547	312	4	891282824
616	750	5	891224590
596	294	4	883539079
649	1	5	891440235
658	276	4	875145572
656	689	2	892319276
656	327	2	892318738
616	315	4	891224447
647	604	4	876537591
658	8	5	875147873
604	201	3	883668352
658	257	4	875145667
604	670	5	883668352
645	1018	3	892053518
565	1018	5	891037862
598	350	4	886711452
645	197	5	892055244
597	293	5	875340939
647	588	4	876531955
616	272	5	891224517
564	345	4	888718521
597	15	5	875341758
645	175	5	892054537
531	327	3	887048718
645	512	5	892055072
649	1016	4	891440511
645	523	5	892053686
656	245	1	892319084
598	313	5	886711452
584	172	4	885778080
443	687	3	883504889
609	314	1	886895941
645	658	4	892054632
662	515	4	880571006
602	871	3	888638589
565	70	5	891037629
658	1	4	875145614
641	59	4	879370259
645	200	5	892054906
609	304	5	886895436
662	291	2	880570487
631	289	4	888465216
662	50	3	880570142
647	631	4	876532425
641	514	4	879370062
658	137	3	875145572
674	127	5	887762799
570	288	2	881262307
628	938	5	880777095
531	288	1	887048686
647	117	3	876776321
652	323	3	882567100
677	286	1	889399113
597	225	4	875342875
628	874	5	880776981
609	908	1	886895699
602	50	5	888638460
544	749	4	884795471
513	405	3	885062559
649	275	2	891440412
616	299	3	891224801
641	83	4	879370119
656	750	2	892318648
564	312	3	888718443
679	520	4	884487031
598	750	5	886711452
662	591	4	880570112
662	286	3	880569465
443	340	5	883504748
647	490	4	876532145
531	302	5	887048686
631	313	4	888464915
641	124	4	879370299
674	405	4	887762861
672	127	4	879787729
570	324	2	881262437
679	174	3	884486837
558	253	5	879436396
616	678	2	891224718
674	294	4	887762296
516	250	4	891290565
652	259	2	882567058
647	222	4	876534274
565	30	5	891037499
688	288	5	884153712
604	5	2	883668261
584	82	3	885778458
677	237	4	889399402
658	433	4	875147994
677	405	4	889399328
584	40	4	885778385
672	50	3	879787753
658	96	4	875147873
680	20	4	877075273
677	148	4	889399265
680	1012	3	877075214
513	127	4	885062286
443	12	5	883505379
584	313	5	885773921
658	458	3	875145926
679	288	4	884312660
647	328	3	876531582
609	258	3	886894677
700	181	5	884493523
547	333	4	891282555
675	306	5	889488487
658	772	3	875147591
602	988	4	888638248
609	288	2	886894677
628	305	5	880776981
609	125	4	886895193
636	740	4	891449263
658	98	4	875147800
602	127	5	888638491
598	292	4	886710735
570	690	3	881262307
656	347	4	892318488
564	257	4	888731011
680	276	5	877075135
700	144	4	884494252
571	124	4	883354760
602	748	3	888638160
713	310	4	888882133
713	539	3	888882085
713	1656	2	888882085
679	181	5	884487279
656	286	1	892318343
616	1313	4	891224840
672	281	3	879788819
681	898	4	885409515
571	64	4	883355063
651	242	5	880126430
658	724	3	875148059
628	300	5	880776981
647	705	4	876530628
575	427	4	878148329
584	229	3	885774172
598	898	4	886711452
662	6	5	880571006
674	118	3	887763150
652	699	5	882567383
718	756	5	883349384
696	1176	4	886403631
688	682	5	884153712
596	313	5	883538815
656	316	3	892318450
482	315	3	887643146
570	301	3	881262404
656	875	2	892318842
674	282	5	887763231
143	1038	3	888407656
564	344	4	888718521
718	841	4	883349557
706	245	3	880996945
680	408	5	876816268
516	169	5	891290685
674	929	3	887763150
564	472	4	888730658
575	50	2	878148258
718	975	2	883349301
680	248	4	877075312
729	328	3	893286638
675	531	5	889489108
718	222	4	883348712
609	319	1	886895516
726	355	3	889829235
443	343	5	883504771
675	509	5	889489465
679	327	4	884312731
513	250	3	885062332
729	689	4	893286638
728	508	4	879443265
688	339	5	884153712
679	121	2	884488260
674	25	4	887763035
616	260	3	891224864
571	174	4	883354940
570	243	1	881262557
679	357	5	884486812
713	1431	3	888881939
736	181	2	878708646
728	282	4	879443291
547	332	3	891282681
688	678	5	884153750
730	298	4	880310426
688	332	5	884153712
743	321	2	881277690
578	323	3	888957735
604	200	1	883668261
604	164	4	883668175
675	305	4	889488548
672	864	3	879789278
677	150	3	889399402
679	169	3	884486904
651	268	2	880126473
564	831	3	888730658
745	492	5	880123572
736	296	4	878709365
713	1434	3	888882133
604	48	5	883667946
718	926	2	883348912
745	190	5	880123905
740	319	3	879522781
641	192	4	879370150
544	323	2	884796016
740	748	3	879522872
675	1653	5	889489913
745	215	3	880123751
718	300	5	883348269
718	111	4	883348634
680	274	3	877075312
718	591	4	883349191
696	523	5	886404542
544	271	3	884795986
641	303	3	879369827
743	288	2	881277690
656	344	4	892318520
743	273	3	881278061
513	118	4	885062559
680	845	4	877075241
584	449	2	885778571
745	7	4	880123019
726	845	3	889832358
728	117	4	879443321
628	845	5	880777167
718	240	1	883349467
751	568	3	889133334
730	332	3	880309870
649	1244	3	891440676
700	96	4	884494310
513	222	5	885062519
751	301	5	887134816
672	1028	4	879789030
718	689	4	883348355
636	1	3	891448229
631	301	4	888465107
677	323	4	885191280
751	178	5	889132896
679	416	3	884488226
672	931	1	879789164
718	273	3	883348712
745	425	4	880123540
656	303	4	892318553
672	476	5	879789462
602	181	5	888638547
745	520	3	880123696
740	289	4	879523187
736	532	4	878709365
751	248	5	889132413
651	286	4	879348880
575	304	2	878146638
675	1101	4	889490029
751	305	2	887134730
696	689	1	886404208
696	312	4	886404322
641	484	5	879370299
762	302	5	878718810
751	316	4	888871453
744	127	5	881171481
754	676	3	879451517
736	255	1	878709025
674	288	3	887762296
598	308	4	886710612
674	117	5	887762861
681	259	2	885409882
743	15	3	881277855
754	937	4	879451061
628	361	5	880776981
728	871	2	879443321
628	173	3	880777167
547	340	4	891282757
744	603	5	881170528
584	109	4	885778204
744	237	4	881171907
662	93	5	880571006
680	121	3	876816268
771	762	2	880659970
762	116	1	878719186
578	1264	3	890939815
656	346	3	892318488
558	20	5	879436396
706	628	4	880997412
730	50	4	880310285
672	756	2	879789244
636	258	5	891448155
744	508	5	881171907
771	690	4	880659235
751	250	3	889132397
713	1127	3	888882225
751	472	2	889299043
751	418	5	889135211
680	1089	2	877075214
713	1176	3	888882224
745	519	5	880123751
759	1016	5	881476922
730	748	4	880310082
696	883	4	886404208
771	203	1	880659482
641	434	4	879370259
602	148	4	888638517
728	25	4	879443155
675	1255	1	889490151
745	177	3	880123572
571	964	4	883355063
751	487	5	889134705
726	819	3	889832688
652	301	1	882566948
728	322	4	879442761
677	307	5	885191227
744	963	5	881170576
744	428	4	881170528
779	284	3	875994401
649	15	4	891440373
677	126	1	889399265
745	285	1	880123905
679	64	4	884487052
743	224	5	881277931
736	50	3	878708579
754	284	3	879451775
680	9	4	876816106
602	895	3	888637925
771	88	4	880659970
754	9	4	879451626
584	165	1	885778780
596	13	2	883539402
681	539	4	885409810
740	242	4	879523187
784	269	5	891387155
677	1	4	889399229
771	83	5	880659369
674	50	4	887762584
751	735	4	889134332
680	98	4	876816224
771	237	5	880659482
679	73	4	884488036
726	274	4	889831222
743	100	5	881277962
706	333	1	880996945
672	1061	4	879789566
771	258	5	880659323
783	288	3	884326274
783	334	3	884326461
784	307	4	891387623
652	395	3	882567383
570	305	5	881262256
729	333	4	893286638
649	291	5	891440330
578	355	1	888957758
771	28	5	880659392
779	257	4	875993201
759	332	4	881476516
754	619	4	879451517
672	225	2	879789437
641	865	5	879370149
771	242	4	880659235
681	288	1	885409810
736	246	4	878708929
570	748	3	881262497
784	678	4	891387895
672	25	5	879789056
696	305	4	886403578
696	344	5	886403672
143	294	3	888407708
745	174	3	880123179
713	307	3	888882311
791	289	4	879448087
728	678	4	879442794
771	222	2	880659709
696	315	5	886403578
688	326	5	884153606
675	650	5	889489971
803	286	5	880054592
754	476	4	879451742
675	347	4	889488431
740	322	3	879522839
759	300	5	875227686
754	742	3	879451991
775	348	3	891032804
792	111	3	877910126
730	109	4	880310390
775	286	4	891032741
636	9	3	891448185
513	323	5	885062636
675	874	4	889488679
744	628	2	881172357
745	8	4	880123627
792	595	3	877910305
675	258	3	889488679
651	327	4	880126473
641	268	4	879369827
677	845	3	889399327
754	819	3	879452116
584	423	4	885778263
688	336	2	884153728
783	346	5	884326424
779	471	4	875993165
578	343	2	888957735
706	100	1	880997211
743	297	5	881277931
706	50	5	880997142
799	479	5	879254026
743	268	4	881277551
662	813	3	880570194
744	482	3	881171420
775	258	4	891032837
771	993	4	880660199
706	1	4	880997324
792	124	4	877909865
641	496	2	879370337
801	890	2	890333150
578	1098	2	890939753
736	248	4	878709365
681	304	3	885409742
743	311	5	881277551
754	255	3	879451585
558	1068	2	879435896
516	660	5	891290593
677	1240	5	889399671
817	748	4	874815649
662	319	3	880569520
652	245	4	882567058
762	237	3	878719294
688	754	5	884153606
812	288	4	877625294
792	1132	3	877910160
688	259	5	884153750
730	300	3	880309964
674	1	4	887762799
803	271	2	880054833
700	50	5	884493899
688	329	5	884153606
817	124	4	874815885
571	462	4	883354992
726	257	3	889831166
596	181	4	883539431
827	329	3	882807787
801	895	5	890332929
736	515	5	878709365
791	299	2	879448035
759	678	2	875227742
783	876	4	884326424
596	682	4	883539173
681	286	5	885409370
762	1662	1	878719324
817	118	3	874815947
729	683	2	893286511
598	258	5	886711452
713	340	3	888882133
819	1537	5	884012662
827	347	3	892157356
649	1283	2	891440528
799	45	4	879253969
726	1014	1	889832744
736	257	3	878708721
696	234	4	886404617
578	678	3	888957490
784	1038	3	891387704
762	475	5	878719219
649	323	3	891440624
792	546	3	877910353
783	333	4	884326383
706	118	3	880997464
759	258	4	875227686
775	264	4	891033071
740	288	4	879523187
799	50	4	879254077
819	862	2	884012586
700	79	3	884494420
743	300	4	881277267
740	938	1	879522906
801	307	4	890332853
779	411	3	875999002
696	310	4	886403673
827	258	3	882201175
803	243	1	880055548
730	125	4	880310521
792	21	3	877910444
743	298	4	881278061
713	689	3	888882225
792	1011	3	877910730
817	1	4	874815835
775	310	3	891032837
784	303	4	891387077
636	313	5	891448155
834	269	5	890860566
744	28	3	881170416
792	1335	4	877910353
571	604	3	883354886
688	1234	5	884153712
730	15	4	880310264
729	879	3	893286299
571	47	3	883354818
803	748	1	880054885
729	690	2	893286149
813	294	1	883752051
834	744	4	890862527
744	1134	3	881171482
706	25	4	880997385
792	844	4	877910822
700	180	3	884494278
578	258	1	888957735
792	24	3	877910091
754	744	3	879452073
652	282	4	882567294
713	313	3	888882179
792	476	1	877910206
681	258	1	885409516
791	327	5	879447977
636	121	5	891449212
834	282	4	890863052
834	293	3	890862974
779	222	4	875503280
834	258	4	890860194
783	335	3	884326545
834	100	4	890862311
729	354	5	893286637
649	147	4	891440214
730	117	3	880310300
813	289	4	883752455
791	328	4	879448087
784	328	3	891387502
813	335	2	883752417
801	259	3	890332986
855	283	3	879825383
817	358	4	874815679
824	678	3	877021121
700	168	3	884494420
706	331	5	880996945
827	268	4	882201175
827	313	3	892157221
775	270	2	891032742
845	311	4	885409493
578	250	2	888957735
841	892	3	889067182
859	111	4	885776056
791	50	5	879448338
558	15	3	879436140
813	538	3	883752380
784	292	4	891387315
706	7	3	880997412
571	194	3	883354818
775	269	4	891032742
744	238	4	881170416
845	903	4	885409493
841	331	5	889066999
696	313	3	886403672
759	298	4	875227858
841	748	4	889067253
841	288	3	889067046
775	272	4	891032742
598	343	2	886710795
817	147	3	874815947
834	762	4	890863072
775	331	4	891032923
578	324	1	888957735
784	286	3	891386988
784	271	3	891387623
775	343	4	891033022
845	877	2	885409719
859	25	4	885776056
598	312	5	886711452
841	270	4	889067045
571	657	4	883354992
824	286	2	877020871
817	15	3	874815836
783	328	4	884326545
631	307	4	888465033
783	345	4	884326461
596	323	4	883538965
783	260	4	884326690
775	307	4	891032989
791	286	3	879447907
845	750	3	885409719
866	319	4	891221302
834	275	3	890862648
812	1393	3	877625224
631	338	2	888465299
652	538	4	882567012
803	690	4	880055210
803	887	5	880054671
877	382	3	882677012
799	499	4	879253969
779	243	4	875501402
827	331	3	892157376
784	312	3	891387623
817	281	4	874816007
662	285	5	880571005
791	269	4	879447940
740	300	4	879523187
730	815	3	880310490
877	31	4	882678483
841	353	1	889067253
813	342	1	883752417
791	319	2	879448086
841	286	5	889066959
834	313	5	890860566
706	288	3	880996945
803	754	2	880054754
784	270	3	891387249
855	198	4	879825613
812	326	4	877625294
841	272	4	889066780
834	7	4	890862974
799	258	5	879253668
845	1592	3	885409493
877	237	4	882677827
730	742	3	880310553
791	288	3	879447907
877	270	4	882676054
779	181	5	875501734
779	15	4	875501782
754	595	2	879452073
817	129	4	874815836
834	292	5	890860566
596	276	3	883539431
859	249	5	885775086
652	288	2	882566890
728	100	5	879443321
877	949	3	882677440
877	271	4	882676507
791	300	5	879447977
812	358	3	877625461
662	1380	2	880570952
824	991	3	877021121
859	276	4	885776056
740	286	5	879523187
866	321	3	891221302
736	1388	5	878709365
779	300	3	875501300
877	515	5	882677640
866	306	4	891221165
877	274	4	882678105
813	259	2	883752528
827	272	4	884213984
824	321	2	877021002
813	877	1	883752331
845	313	4	885409374
762	875	5	878718996
740	294	4	879523187
877	286	2	882675993
841	754	4	889067045
783	264	4	884326726
859	421	5	885776384
783	269	4	884326274
877	60	5	882677183
859	1014	4	885775564
728	546	2	879443155
681	690	4	885409770
824	294	3	877021002
636	100	5	891448228
812	294	5	877625367
877	59	5	882677012
845	272	3	885409374
799	654	5	879254027
631	334	2	888464941
728	147	4	879443418
740	269	4	879523187
779	71	4	875999285
728	285	4	879443446
845	1434	4	885409719
803	688	1	880055043
827	690	3	882807503
779	21	5	875996932
813	988	3	883752528
824	292	3	877020927
819	303	4	879952508
791	322	4	879448128
812	748	5	877625368
801	326	4	890332885
726	1059	5	889832806
729	288	2	893286261
759	1	5	875227798
855	60	3	879825528
859	762	5	885775437
841	323	3	889066880
726	310	4	889828404
845	269	4	885409493
729	748	4	893286638
824	304	3	877020964
803	311	5	880054754
571	357	4	883355063
845	1463	1	885409374
813	358	3	883752606
636	813	5	891448297
759	121	5	881476858
914	724	3	887123464
914	111	1	887124121
729	901	1	893286491
803	245	4	880055378
736	1278	1	878709262
859	846	5	885775612
824	268	4	877020871
681	294	5	885409938
636	275	3	891448229
845	1394	4	885409719
726	1028	2	889832592
817	328	4	874815679
859	1095	2	885775513
914	88	2	887124121
803	988	1	880055454
817	840	2	874816007
914	197	4	887122028
859	1061	4	885776056
855	1021	3	879825578
866	300	1	891220881
759	117	5	881476781
801	294	5	890332748
652	294	2	882566890
651	294	1	879348880
759	742	5	875227798
762	173	5	878719533
649	254	4	891440695
759	257	4	881476824
813	901	1	883752708
819	248	5	880382511
819	268	4	884012614
812	261	1	877625461
888	869	4	879365086
819	1160	4	880382533
859	294	3	885775218
801	288	5	890332820
681	1176	4	885409515
812	286	2	877625109
866	242	3	891221165
841	307	5	889067152
824	322	4	877021044
914	387	3	887124121
700	28	3	884493712
801	300	5	890332748
799	690	3	879253668
726	249	1	889832422
855	531	3	879825614
819	340	5	879952627
700	222	3	884493899
681	328	3	885409810
819	182	4	884105025
888	269	5	879364981
649	24	4	891440460
729	322	4	893286637
801	333	5	890332885
914	371	4	887122029
827	750	3	892157198
726	248	2	889832422
799	319	4	879253668
914	155	5	887124121
652	257	2	882567356
824	289	2	877021044
631	1527	2	888465351
762	515	5	878719186
888	792	5	879365054
855	45	3	879825383
651	285	4	879348966
819	321	4	880381928
700	531	4	884494380
631	310	4	888464980
819	315	5	884618354
799	484	3	879254077
799	173	5	879254077
914	736	3	887123465
651	116	2	879348966
700	318	4	884494420
866	305	2	891221006
888	69	4	879365104
914	1355	1	887123886
827	301	4	882201885
914	451	2	887122085
812	678	4	877625294
762	955	5	878719551
866	302	2	891220955
855	86	2	879825462
813	898	1	883752264
801	354	4	890332645
888	286	5	879364981
888	762	5	879365497
888	137	4	879365104
812	245	2	877625367
914	692	3	887122324
799	174	5	879254026
866	887	3	891221165
762	274	4	878719371
855	179	3	879825528
819	319	4	879952627
762	270	4	878718855
827	689	3	882201884
651	683	3	880126096
888	535	4	879365497
888	180	4	879365004
812	881	4	877625537
801	301	5	890332820
824	288	3	877020927
855	165	4	879825382
855	529	4	879825613
888	514	5	879365154
651	127	4	879348965
866	889	2	891221006
888	100	4	879365004
866	269	3	891221165
866	900	4	891221165
855	855	4	879825488
