244	51	2	880606923
115	265	2	881171488
303	785	3	879485318
122	387	5	879270459
102	768	2	883748450
160	234	5	876861185
276	796	1	874791932
10	16	4	877888877
201	979	2	884114233
276	564	3	874791805
25	181	5	885853415
59	196	5	888205088
115	20	3	881171009
201	219	4	884112673
13	526	3	882141053
57	304	5	883698581
92	1049	1	890251826
293	5	3	888906576
276	54	3	874791025
279	154	5	875296291
145	275	2	885557505
32	294	3	883709863
293	685	3	888905170
271	132	5	885848672
160	174	5	876860807
110	307	4	886987260
58	144	4	884304936
271	346	4	885844430
279	832	3	881375854
293	471	3	888904884
59	23	5	888205300
244	815	4	880605185
13	836	2	882139746
13	272	4	884538403
244	756	2	880605157
43	14	2	883955745
57	419	3	883698454
269	504	4	891449922
160	135	4	876860807
10	486	4	877886846
303	919	4	879467295
5	2	3	875636053
43	137	4	875975656
279	1336	1	875298353
279	1240	1	892174404
18	443	3	880130193
13	98	4	881515011
276	322	3	874786392
130	379	4	875801662
160	719	3	876857977
293	1267	3	888906966
130	216	4	875216545
92	1079	3	886443455
56	755	3	892910207
13	360	4	882140926
92	77	3	875654637
207	476	2	884386343
148	408	5	877399018
58	1098	4	884304936
83	234	4	887665548
110	688	1	886987605
151	10	5	879524921
269	127	4	891446165
303	69	5	879467542
276	1091	3	874793035
294	109	4	877819599
303	842	2	879484804
207	591	3	876018608
92	172	4	875653271
279	68	4	875307407
303	815	3	879485532
83	623	4	880308578
83	576	4	880308755
201	146	1	884140579
269	367	3	891450023
59	468	3	888205855
193	96	1	889124507
113	595	5	875936424
130	1014	3	876250718
279	501	3	875308843
201	695	1	884140115
13	198	3	881515193
145	237	5	875270570
23	385	4	874786462
201	767	4	884114505
244	673	3	880606667
13	215	5	882140588
270	452	4	876956264
145	15	2	875270655
23	323	2	874784266
303	134	5	879467959
276	2	4	874792436
13	56	5	881515011
294	271	5	889241426
18	26	4	880129731
92	229	3	875656201
59	951	3	888206409
271	199	4	885848448
271	709	3	885849325
207	258	4	877879172
207	1115	2	879664906
271	378	4	885849447
130	1017	3	874953895
10	175	3	877888677
43	323	3	875975110
13	344	2	888073635
269	522	5	891447773
269	845	1	891456255
102	823	3	888801465
13	186	4	890704999
244	186	3	880605697
279	1181	4	875314001
43	815	4	883956189
83	78	2	880309089
151	197	5	879528710
109	631	3	880579371
64	392	3	889737542
92	501	2	875653665
293	135	5	888905550
160	460	2	876861185
13	498	4	882139901
59	715	5	888205921
5	17	4	875636198
23	196	2	874786926
201	649	3	884114275
92	587	3	875660408
269	217	2	891451610
201	960	2	884112077
303	404	4	879468375
293	770	3	888906655
303	252	3	879544791
115	1067	4	881171009
269	246	5	891457067
221	475	4	875244204
25	357	4	885852757
92	168	4	875653723
303	200	4	879468459
193	869	3	889127811
130	109	3	874953794
64	381	4	879365491
151	176	2	879524293
193	879	3	889123257
276	922	4	889174849
276	57	3	874787526
293	249	3	888905229
10	611	5	877886722
276	142	3	874792945
221	943	4	875246759
109	8	3	880572642
193	941	4	889124890
244	265	4	880606634
279	1497	2	890780576
59	742	3	888203053
130	642	4	875216933
56	121	5	892679480
276	40	3	874791871
75	284	2	884050393
269	198	4	891447062
269	22	1	891448072
269	507	4	891448800
56	546	3	892679460
271	1028	2	885848102
10	7	4	877892210
294	931	3	889242857
279	399	4	875313859
269	234	1	891449406
10	100	5	877891747
276	70	4	874790826
244	17	2	880607205
226	242	5	883888671
306	235	4	876504354
56	71	4	892683275
244	381	4	880604077
109	127	2	880563471
130	1246	3	876252497
207	13	3	875506839
92	794	3	875654798
92	739	2	876175582
188	692	5	875072583
18	86	4	880129731
5	439	1	878844423
193	407	4	889127921
5	225	2	875635723
165	216	4	879525778
244	707	4	880606243
279	586	4	892864663
92	515	4	875640800
56	449	5	892679308
122	509	4	879270511
201	272	3	886013700
201	1100	4	884112800
293	423	3	888906070
83	660	4	880308256
43	120	4	884029430
102	70	3	888803537
58	1099	2	892243079
56	1047	4	892911290
221	1010	3	875246662
207	318	5	877124871
306	287	4	876504442
244	550	1	880602264
244	183	4	880606043
270	25	5	876954456
188	143	5	875072674
207	845	3	881681663
64	736	4	889739212
59	92	5	888204997
10	461	3	877888944
58	9	4	884304328
113	126	5	875076827
59	323	4	888206809
43	203	4	883955224
303	161	5	879468547
279	122	1	875297433
130	1217	4	875801778
109	475	1	880563641
102	515	1	888801316
18	408	5	880129628
25	222	4	885852817
110	944	3	886989501
270	98	5	876955868
83	215	4	880307940
89	216	5	879459859
221	48	5	875245462
140	332	3	879013617
201	203	5	884114471
109	566	4	880578814
160	462	4	876858346
5	110	1	875636493
83	281	5	880307072
56	91	4	892683275
226	56	4	883889102
145	56	5	875271896
148	1	4	877019411
303	68	4	879467361
110	38	3	886988574
201	518	4	884112201
109	178	3	880572950
59	485	2	888204466
130	1248	3	880396702
130	105	4	876251160
56	222	5	892679439
151	13	3	879542688
271	65	3	885849419
294	1245	3	877819265
25	501	3	885852301
293	137	3	888904653
75	240	1	884050661
207	68	2	877125350
188	443	4	875074329
145	974	1	882182634
83	385	4	887665549
109	402	4	880581344
207	107	3	876198301
57	79	5	883698495
293	380	2	888907527
207	58	3	875991047
109	97	3	880578711
193	1078	4	889126943
5	454	1	875721432
145	737	2	875272833
83	210	5	880307751
102	524	3	888803537
207	554	2	877822854
83	97	4	880308690
293	708	3	888907527
18	950	3	880130764
151	747	3	879524564
59	235	1	888203658
64	1063	3	889739539
145	756	2	885557506
75	237	2	884050309
25	257	4	885853415
130	569	3	880396494
151	703	4	879542460
270	558	5	876954927
145	355	3	888396967
10	488	5	877888613
23	258	5	876785704
188	237	3	875073648
122	378	4	879270769
83	43	4	880308690
59	177	4	888204349
43	40	3	883956468
122	510	4	879270327
165	372	5	879525987
56	869	3	892683895
56	447	4	892679067
188	96	5	875073128
58	173	5	884305353
151	835	5	879524199
145	1248	3	875272195
151	12	5	879524368
110	568	3	886988449
56	450	3	892679374
5	424	1	875635807
18	202	3	880130515
10	285	5	877889186
23	463	4	874785843
64	433	2	889740286
5	1	4	875635748
160	160	5	876862078
18	729	3	880131236
109	1012	4	880564570
109	1	4	880563619
58	709	5	884304812
18	182	4	880130640
25	208	4	885852337
271	56	3	885848559
5	363	3	875635225
151	919	5	879524368
75	546	3	884050422
64	516	5	889737376
294	508	4	877819532
294	930	3	889242704
43	5	4	875981421
58	214	2	884305296
151	929	3	879543457
5	98	3	875720691
270	778	5	876955711
160	430	5	876861799
145	764	2	888398257
271	187	5	885848343
115	8	5	881171982
151	58	4	879524849
145	22	5	875273021
193	627	4	889126972
102	322	3	883277645
109	258	5	880562908
23	381	4	874787350
64	160	4	889739288
18	113	5	880129628
204	216	4	892513864
57	682	3	883696824
43	204	4	883956122
294	282	3	877821796
193	410	3	889127633
271	705	4	885849052
270	671	4	876956360
102	625	3	883748418
271	482	5	885848519
110	578	3	886988536
25	25	5	885853415
318	474	4	884495742
32	290	3	883717913
165	288	2	879525673
306	14	5	876503995
102	161	2	888801876
110	1246	2	886989613
32	151	3	883717850
32	1012	4	883717581
188	218	5	875074667
5	102	3	875721196
102	448	3	888803002
221	327	4	875243968
64	176	4	889737567
57	243	3	883696547
318	768	2	884498022
25	258	5	885853199
18	496	5	880130470
193	790	3	889127381
209	906	2	883589546
148	140	1	877019882
209	251	5	883417810
58	100	5	884304553
160	56	5	876770222
23	172	4	874785889
321	496	4	879438607
294	127	5	877819265
160	117	4	876767822
57	760	2	883697617
58	268	5	884304288
23	1006	3	874785809
57	28	4	883698324
238	252	3	883576644
270	97	4	876955633
318	356	4	884496671
270	736	5	876955087
270	370	5	876956232
18	387	4	880130155
270	83	4	876954995
238	756	3	883576476
10	504	5	877892110
110	682	4	886987354
148	114	5	877016735
294	1199	2	889242142
140	268	4	879013684
57	204	4	883698272
211	127	4	879461498
306	242	5	876503793
64	684	4	889740199
98	47	4	880498898
12	300	4	879958639
238	111	4	883576603
148	70	5	877021271
64	778	5	889739806
321	287	3	879438857
306	864	3	876504286
57	1047	4	883697679
209	688	1	883589626
160	187	5	876770168
43	151	4	875975613
10	289	4	877886223
57	756	3	883697730
221	1059	4	875245077
226	147	3	883889479
204	340	5	892389195
294	676	3	877821514
221	780	3	875246552
318	257	5	884471030
43	52	4	883955224
318	631	4	884496855
188	769	2	875074720
221	69	4	875245641
270	53	4	876956106
193	435	4	889124439
115	127	5	881171760
110	1179	2	886989501
75	409	3	884050829
221	1250	2	875247855
58	109	4	884304396
294	222	4	877819353
57	926	3	883697831
25	615	5	885852611
23	170	4	874785348
165	325	4	879525672
193	332	3	889123257
113	326	5	875935609
115	92	4	881172049
221	204	4	875246008
318	659	4	884495868
122	215	4	879270676
89	197	5	879459859
75	476	1	884050393
102	405	2	888801812
58	284	4	884304519
25	228	4	885852920
64	93	2	889739025
318	50	2	884495696
102	300	3	875886434
89	1048	3	879460027
327	191	4	887820828
113	329	3	875935312
204	172	3	892513819
25	729	4	885852697
209	408	4	883417517
318	476	4	884495164
221	508	4	875244160
98	163	3	880499053
327	533	4	887822530
148	495	4	877016735
140	301	3	879013747
318	64	4	884495590
165	258	5	879525672
211	300	2	879461395
188	474	4	875072674
23	404	4	874787860
327	461	3	887746665
318	648	5	884495534
75	121	4	884050450
318	508	4	884494976
188	191	3	875073128
115	228	4	881171488
122	715	5	879270741
188	88	4	875075300
113	294	4	875935277
110	301	2	886987505
75	1017	5	884050502
23	213	3	874785675
89	732	5	879459909
32	249	4	883717645
211	526	4	879459952
327	210	3	887744065
226	180	4	883889322
148	172	5	877016513
188	159	3	875074589
75	147	3	884050134
110	245	3	886987540
140	319	4	879013617
75	496	5	884051921
327	805	4	887819462
321	631	4	879440264
32	591	3	883717581
98	517	5	880498990
327	300	2	887743541
327	702	2	887819021
122	427	3	879270165
321	131	4	879439883
238	118	3	883576509
98	655	3	880498861
327	274	2	887819462
211	678	3	879461394
148	1149	5	877016513
334	117	3	891544735
334	282	4	891544925
334	603	5	891628849
148	177	2	877020715
327	192	5	887820828
226	270	4	883888639
321	134	3	879438607
334	635	2	891548155
148	185	1	877398385
115	234	5	881171982
334	222	4	891544904
209	269	2	883589606
327	230	4	887820448
321	523	3	879440687
115	11	4	881171348
334	224	2	891545020
211	181	1	879461498
115	762	4	881170508
334	229	2	891549777
339	132	5	891032953
321	615	5	879440109
334	52	4	891548579
238	815	2	883576398
321	207	3	879440244
140	322	3	879013684
321	194	3	879441225
306	275	4	876503894
148	501	4	877020297
334	1163	4	891544764
339	1030	1	891036707
209	258	2	883589626
204	748	1	892392030
306	319	4	876503793
334	93	4	891545020
12	82	4	879959610
327	558	4	887746196
32	276	4	883717913
334	86	4	891548295
339	582	4	891032793
211	257	5	879461498
306	1009	4	876503995
339	55	3	891032765
115	69	1	881171825
306	306	5	876503792
32	117	3	883717555
339	47	4	891032701
89	246	5	879461219
113	321	3	875075887
306	476	3	876504679
344	479	4	884901093
89	936	5	879461219
339	856	5	891034922
344	306	5	884814359
321	521	2	879441201
12	96	4	879959583
339	288	3	891036899
321	224	3	879439733
75	820	3	884050979
344	278	3	884900454
339	30	3	891032765
12	735	5	879960826
165	304	3	879525672
344	39	3	884901290
122	1268	2	879270711
98	321	3	880498519
344	462	2	884901156
346	213	3	874948173
209	242	4	883589606
339	435	4	891032189
12	471	5	879959670
12	172	4	879959088
347	22	5	881654005
122	708	5	879270605
339	58	3	891032379
122	212	5	879270567
122	792	3	879270459
344	215	3	884900818
113	262	2	875075983
211	310	3	879461394
226	480	4	883888853
12	143	5	879959635
347	501	4	881654410
140	334	2	879013684
339	226	2	891034744
344	181	3	884901047
89	381	4	879459999
209	351	2	883589546
344	97	3	884901156
89	127	5	879441335
348	628	4	886523256
348	370	4	886523621
344	1283	2	889814587
12	97	5	879960826
12	204	5	879960826
346	582	3	874951783
238	476	3	883576799
348	405	4	886523174
344	119	5	884814457
344	619	4	885770181
347	1035	3	881654522
354	462	3	891218116
348	240	3	886523839
32	250	4	883717684
354	133	3	891217547
140	289	4	879013719
354	242	5	891180399
238	181	3	883576336
204	258	2	892388976
354	257	3	891216735
209	898	3	883460304
89	117	5	879441357
32	246	4	883717521
354	463	4	891217575
347	416	3	881654715
113	100	4	875935610
89	221	1	879441687
32	100	3	883717662
358	469	4	891271063
346	245	4	875266665
354	694	5	891217299
346	62	3	875263634
347	79	5	881653890
346	4	4	874948105
363	391	2	891498811
98	70	3	880499018
211	687	2	879437184
346	187	3	874948030
348	928	5	886523683
209	349	2	883589546
346	322	3	886273541
363	405	4	891497015
211	263	3	879461395
306	100	4	876504286
354	86	5	891218312
363	1495	5	891497278
363	1168	2	891496587
363	673	2	891496543
346	727	1	874947794
12	132	5	879959465
354	191	4	891217082
89	813	5	879461219
204	310	1	892389073
238	300	4	883575836
348	819	4	886523710
354	269	4	891180399
347	227	4	881654734
346	1110	1	875264985
363	288	4	891493723
347	144	5	881654186
347	168	5	881653798
12	157	5	879959138
346	33	5	875261753
363	97	2	891496513
348	288	5	886522495
209	1105	2	883589568
363	616	3	891498135
346	218	3	875263574
363	102	4	891498681
358	482	2	891270510
347	609	4	881654064
348	1	4	886523078
363	316	3	891493918
354	847	3	891216713
363	906	2	891493795
98	209	2	880498935
354	480	4	891217897
378	554	3	880333540
226	7	4	883889479
378	63	3	880333719
347	465	3	881654825
204	292	5	892388857
378	367	3	880055002
347	208	2	881654480
378	202	3	880046229
204	315	4	892388857
378	8	4	880045722
226	169	5	883888892
378	1267	3	880055740
348	742	4	886523078
204	191	4	892513906
378	52	5	880056491
378	356	4	880045989
379	69	4	880524754
379	705	4	888646088
226	283	2	883889811
165	419	4	879525706
378	1284	2	880318158
358	1529	3	891269584
379	202	5	880525259
348	147	5	886523361
226	14	5	883889691
378	65	3	880046132
204	286	3	892389046
378	289	5	889665232
379	637	2	880962047
113	327	5	875076987
113	976	5	875936424
348	975	4	886523813
358	643	3	891270091
388	313	5	886438122
238	1190	3	883576603
389	955	4	880087599
379	520	5	880524908
204	1194	4	892513906
383	319	2	891192377
389	176	4	880165047
389	109	3	879915745
113	322	3	875076044
165	69	3	879525799
211	286	4	879437184
379	732	5	880525995
389	1119	3	880088659
393	1219	4	889729536
389	249	3	879915991
389	613	5	880088038
389	160	4	880087897
379	616	2	890464337
211	876	2	879461395
393	1034	2	889731413
379	554	4	880525678
389	204	4	879991017
393	471	4	887744549
226	9	5	883889811
389	28	4	880165411
393	15	3	887744266
393	1285	3	889555176
393	318	3	887745973
379	8	5	880525194
393	126	4	887743647
394	67	5	881059383
393	402	3	889730187
389	124	4	879916053
394	42	4	880887152
393	1206	3	889730494
393	633	2	887746091
393	539	3	891364757
165	181	5	879525738
383	505	4	891193042
389	111	3	879916053
379	452	3	880524614
165	651	5	879525961
394	1210	3	881060330
399	813	3	882512003
238	220	3	883576560
388	56	3	886441015
401	486	4	891033184
140	258	3	879013617
383	464	4	891192986
399	219	3	882345454
379	402	3	880524943
399	591	3	882340599
388	816	4	886441248
399	284	2	882512342
399	1314	3	882349198
399	8	3	882510165
399	1228	3	882345500
399	459	4	882340807
405	56	4	885544911
399	73	3	882343731
401	117	3	891032563
394	568	5	880888167
405	592	1	885548670
405	1582	1	885548670
383	474	5	891193072
405	171	1	885549544
405	580	1	885547447
405	1409	1	885549045
405	953	3	885546487
399	486	3	882510290
405	994	1	885549746
405	387	1	885546680
383	321	5	891192376
399	924	5	882340678
394	174	5	881057914
405	1432	1	885549942
401	638	4	891033158
405	190	2	885546201
394	88	3	880889400
238	121	4	883576443
401	199	3	891032896
383	641	4	891192778
165	332	4	879525672
383	425	4	891193181
401	135	1	891032919
383	475	2	891193137
407	433	4	875117053
407	205	4	875045371
388	5	4	886441083
401	609	3	891033625
383	663	5	891192778
407	196	4	876340318
407	50	4	875045268
407	249	2	884614788
401	519	4	891033158
388	147	4	886436871
416	125	5	893213796
401	499	3	891033319
358	896	4	891269077
407	211	4	875044400
416	724	4	886316409
416	250	4	876697074
401	273	2	891032334
416	874	1	876696853
98	938	3	880498624
401	322	2	891031784
401	111	4	891032296
407	231	3	876342031
407	785	3	876341444
417	3	4	879646344
417	781	3	880951559
416	348	3	886314660
394	218	4	880889187
417	597	3	879646413
417	1095	3	879649322
416	356	5	893213019
416	578	4	886318546
416	69	4	876699027
417	551	3	879649224
394	227	4	881132877
383	603	5	891193242
416	272	5	893214332
422	109	2	875130204
416	1188	3	886318953
417	147	4	879646225
416	210	5	893213918
388	184	4	886441083
417	83	5	879648132
394	773	4	881060053
417	423	4	879647118
417	120	2	880949763
417	578	3	879649610
417	1044	3	879648939
394	161	4	880888850
422	671	4	879744143
422	559	3	879744085
422	922	4	875130173
422	184	4	879744085
407	217	4	875044400
407	428	3	875553154
407	616	3	875553018
383	86	5	891193210
429	73	3	882387505
358	132	5	891270652
422	919	5	875130027
429	64	4	882384744
394	450	3	881132958
429	86	5	882384579
98	116	5	880499053
358	357	4	891270405
429	1222	3	882387074
429	495	3	882385358
422	854	4	879744014
98	745	3	880498935
429	511	5	882385542
421	474	4	892241389
429	628	3	882385808
429	45	3	882385118
429	1016	4	882386217
421	443	5	892241459
429	735	4	882387757
421	156	5	892241458
422	325	2	875129692
429	1119	3	882387653
421	124	4	892241344
422	258	4	875129523
140	325	3	879013719
422	126	4	875129911
422	1017	4	875130063
447	1034	2	878854918
421	915	4	892241252
421	194	4	892241554
449	971	4	880410701
447	121	5	878855107
449	381	4	880410777
450	470	5	887139517
450	783	3	882399818
421	200	3	892241687
447	218	4	878856052
450	1147	4	882374497
140	880	4	879013832
450	100	4	882374059
388	117	5	886436756
449	291	2	879959246
450	58	3	882373464
450	142	5	887835352
450	801	4	882469863
450	216	5	882373657
450	785	3	882395537
450	162	5	882395913
447	70	3	878856483
450	144	5	882373865
449	137	5	879958866
451	289	1	879012510
447	69	4	878856209
449	286	4	879958444
388	310	5	886438540
451	269	2	879012647
451	323	4	879012510
447	823	3	878855165
447	544	4	878854997
451	882	1	879012812
449	1009	4	879959190
447	148	4	878854729
140	872	3	879013651
447	234	4	878855782
358	59	4	891269617
451	294	5	879012470
98	173	1	880498935
447	100	5	878854552
449	282	3	879958953
388	326	5	886438122
447	68	5	878855819
451	300	4	879012550
451	872	2	879012857
388	690	5	886438540
449	1194	4	880410624
421	238	5	892241576
451	360	3	879012858
449	224	4	879958758
472	401	4	875982727
465	202	4	883531487
472	11	5	892790676
472	193	5	875981789
358	918	1	892731254
449	212	5	880410624
472	877	3	892789947
472	258	5	892790953
474	8	5	887925497
472	168	5	892791062
472	449	5	875982967
465	114	4	883530190
474	602	3	887926436
472	826	3	883904224
465	216	3	883531284
472	1011	4	875979187
474	410	2	887915645
472	233	4	875981759
474	480	5	887925186
474	68	3	887926804
358	382	2	891269913
474	736	3	887927509
421	657	4	892241422
474	1014	3	887916567
474	528	5	887923924
472	931	2	883904681
474	176	5	887923972
474	518	4	887926633
449	293	4	879958803
388	678	4	886442062
451	243	4	879012510
474	735	4	887924619
421	89	5	892241362
421	466	4	892241459
441	25	3	891036306
465	50	4	883530778
484	235	2	881450160
484	550	4	891195390
486	846	2	879875154
484	70	5	891195036
451	262	1	879012647
465	198	2	883532119
484	195	5	891195349
465	109	3	883532119
465	474	3	883531246
451	322	4	879012510
484	300	4	887519214
487	1044	3	884051761
487	56	4	883528441
486	471	5	879874969
487	280	5	883444860
487	455	2	883444252
487	597	4	883444674
487	470	5	883530409
487	474	4	883445752
465	477	4	883530742
486	15	3	879875278
487	76	4	883530484
484	554	4	891195565
358	584	4	891269913
486	823	4	879875347
486	1014	3	879874784
484	25	3	881449561
487	939	3	883446757
490	1	3	875427148
490	333	3	875427021
465	481	4	883529984
486	221	4	879875040
490	9	4	875428765
487	1188	3	884045361
484	141	4	891195886
484	96	5	891195323
487	293	5	883441813
496	142	2	876067686
495	174	5	888632319
495	167	4	888636958
486	689	2	879874064
490	284	3	875427993
486	147	2	879875249
486	476	3	879875371
497	234	2	879361847
486	620	2	879875441
495	71	5	888634111
484	755	4	891195825
484	53	1	891195663
497	840	3	879310679
488	480	3	891376110
495	139	2	888636810
495	674	3	888635995
496	64	3	876066064
497	1185	1	879363205
488	568	3	891294707
488	510	4	891294854
497	227	2	879310883
497	363	2	879310649
465	300	3	883529601
486	874	3	879874297
495	153	5	888633165
495	89	3	888632888
500	111	4	888538350
496	526	3	876067597
497	566	3	879310941
488	748	4	891293606
497	465	3	879363610
500	781	3	883874776
503	181	5	879438319
488	434	4	891294785
503	1316	1	892667252
496	132	3	876065881
496	1074	2	876068100
495	478	4	888632443
465	496	3	883531246
495	658	3	888635380
500	1012	4	883865021
500	159	2	883876251
495	413	5	888636032
500	665	3	883876714
503	69	4	880383679
497	31	3	879361802
500	836	5	883874290
497	540	2	879311007
506	470	4	874873423
495	797	4	888635524
496	183	2	876065259
500	1047	3	883865985
488	33	2	891294976
500	294	3	883864578
506	1046	4	874874396
497	242	1	878759351
488	198	4	891375822
488	405	3	891294014
497	575	3	879362985
488	58	3	891376081
506	479	4	874873571
500	244	3	886358931
506	410	2	882100955
488	154	3	891293974
490	993	1	875427739
490	257	3	875428570
503	659	5	880472148
503	900	5	892667389
503	194	4	880472591
503	164	3	880472507
488	474	2	891294439
506	281	3	880198144
506	229	4	874874895
500	971	5	883876093
503	127	5	879438161
506	494	5	878044851
500	469	4	883874813
506	465	4	874874630
506	560	3	874874458
496	318	4	876065693
506	385	4	874873944
518	124	3	876823071
518	1047	4	876823266
518	291	3	876823926
524	151	1	884627327
501	25	3	883347773
525	1	4	881085964
524	205	5	884634707
524	89	5	884634533
524	660	5	884636152
524	285	3	884322168
503	173	5	880383357
506	1608	2	885135497
441	9	4	891035528
518	25	5	876823197
524	615	2	884637409
519	1617	5	883250102
496	156	3	876065933
525	123	3	881086051
528	485	2	886101872
528	239	5	886101632
518	919	5	876822967
524	650	2	884637528
532	58	4	888636374
524	1268	3	884637032
503	137	5	879438072
524	605	1	884637566
496	633	3	876065822
524	182	5	884635031
518	284	4	876823324
532	603	5	893119491
524	603	3	884637376
529	325	3	882535693
501	307	4	883346651
496	97	1	876066848
496	380	2	876068433
527	152	2	879456405
527	956	4	879455847
485	289	3	891041551
532	95	5	893118711
519	352	5	883250148
532	70	4	888634801
533	949	4	879439519
532	369	3	874792142
533	477	4	880402957
532	216	5	893119438
503	54	2	879454950
501	324	4	883346694
533	1177	1	879192184
532	333	4	875441189
532	399	3	888630360
501	151	4	883348543
518	934	3	876823143
533	526	2	879191265
525	281	3	881086562
533	50	5	882902988
532	132	5	893118711
535	1	3	879617663
533	288	2	882901971
527	588	4	879456289
528	58	5	886101994
535	286	2	879617123
535	519	3	879617931
533	103	3	887032538
535	515	3	879619224
527	28	3	879456289
533	275	4	887721848
527	615	4	879456312
485	347	2	891040688
519	1280	5	883250102
532	746	5	893119438
533	328	4	887032063
533	595	2	887032451
532	769	2	888630531
527	963	4	879456030
537	28	3	886031438
535	789	2	879618613
535	836	5	879617746
533	245	3	890659336
490	123	2	875428570
490	764	1	875427993
537	526	3	886031720
535	165	4	879617613
527	127	5	879456132
518	14	3	876822923
537	46	3	886031678
535	1093	4	879617931
490	126	2	875427812
527	204	5	879455847
537	602	3	886031634
485	307	3	891040967
537	682	1	886029083
527	646	5	879455792
537	557	3	886032245
527	64	3	879456030
541	756	4	883866028
537	504	3	886030652
528	358	2	888520491
537	1065	1	886030738
535	171	3	879618414
535	506	5	879617819
537	150	3	886029974
537	203	4	886031437
537	177	3	886031506
535	662	3	879618414
542	206	2	886532602
501	127	5	883347773
525	829	2	881086393
541	654	3	883875215
441	15	3	891035699
542	396	4	886533112
518	763	1	876823994
527	1109	3	879455792
542	648	4	886532950
541	28	4	883864739
542	318	4	886532602
542	214	3	886533452
518	547	3	876823645
490	15	1	875427739
525	411	3	881086612
518	1017	3	876823071
542	746	4	886532838
525	300	4	881085217
519	335	5	883248595
542	508	3	886532762
552	13	3	879222238
541	210	5	883865575
490	1128	4	875428765
541	399	3	883866093
554	28	4	876232758
528	751	4	888520371
519	349	5	883250148
501	1278	3	883348372
541	420	4	883874749
529	331	4	882535220
561	51	3	885810834
554	8	4	876550526
519	327	4	883248134
541	781	5	883866093
552	151	3	879222238
501	1534	4	883348743
501	298	4	883347950
561	164	2	885809626
542	8	3	886532908
541	660	5	883865039
561	23	5	885807888
501	844	4	883347023
554	582	3	876232758
541	699	4	883864985
554	229	3	876369907
541	423	3	883864985
552	252	2	879222002
542	399	2	886533172
528	748	3	888520471
525	121	4	881085893
501	249	3	883348411
561	143	1	885810000
563	1035	4	880507204
554	696	3	876232023
542	265	4	886532238
519	909	5	883250148
566	177	4	881650654
563	692	5	880506842
561	7	5	885808738
542	496	4	886532534
552	225	3	879221876
541	763	3	883866068
561	805	3	885810240
563	233	4	880507165
561	1101	3	885808887
566	395	1	881651672
528	423	1	888522642
552	336	3	879221267
563	401	4	880507108
561	151	2	885808843
552	322	3	879220760
485	538	3	891040560
561	204	3	885808716
561	343	4	885807035
441	288	2	891035056
554	286	4	876231521
552	301	4	879220720
501	282	4	883348185
529	873	4	882535091
561	584	3	885809781
577	471	3	880471640
554	546	3	876231886
525	237	4	881085893
563	367	4	880507083
574	300	4	891279012
519	336	5	883248595
485	341	4	891042027
577	229	4	880475094
528	193	4	886101873
519	1592	5	883250148
441	751	4	891035247
577	284	4	880470732
566	33	2	881650907
519	243	1	883250021
572	300	4	879449243
554	87	4	876550654
588	31	3	890015722
485	294	1	891041103
574	315	3	891278860
577	996	3	880475094
529	323	4	882535091
519	263	5	883250102
588	721	5	890023722
577	204	4	880474338
566	1232	2	881651126
529	292	4	882535180
485	245	3	891041782
566	8	4	881650690
552	1277	3	879222763
566	1193	5	881649548
566	423	2	881649709
588	365	5	890028385
552	14	4	879221649
588	204	5	890015323
574	321	1	891279285
552	717	3	879222368
528	310	3	888520371
580	825	4	884125339
566	83	4	881650148
577	662	4	880474933
590	285	5	879438735
574	258	5	891278916
566	480	4	881649471
577	117	4	880471359
593	633	5	875671081
525	412	2	881086757
593	392	3	886193788
525	332	4	881085178
577	684	4	880474394
525	1011	3	881086274
593	79	4	875671674
566	71	2	881650958
577	95	5	880474747
577	188	3	880474715
554	98	5	876550491
528	479	4	886101505
552	829	3	879222738
590	221	4	879439645
577	15	3	880470350
566	89	4	881650423
603	21	3	891956715
603	230	4	891955922
580	7	3	884124844
485	288	3	891041171
528	393	2	886101695
588	207	2	890025076
441	117	4	891035489
606	123	3	878143605
485	313	4	891040423
554	69	5	876232682
529	269	3	882534996
554	228	5	876550011
593	211	4	875671198
603	174	3	891956927
608	1172	5	880404636
485	321	3	891041275
606	418	5	880923745
588	432	4	890027113
580	148	4	884125773
603	173	4	891956877
608	490	4	880405824
588	227	3	890028385
603	11	5	891956927
606	15	5	878143729
588	71	4	890024195
529	984	4	882535353
593	210	2	875673181
606	241	3	880926246
593	5	4	875671525
588	1047	3	890031141
606	186	5	880925290
608	1115	4	880406168
588	144	3	890024564
588	40	4	890026154
608	661	3	880405927
617	637	3	883789507
606	147	5	880922503
593	655	3	886193724
608	150	3	880406299
618	204	3	891307098
618	100	4	891308063
606	473	4	878149415
618	781	3	891309382
618	185	5	891308260
617	7	3	883789425
608	65	5	880406469
603	172	5	891956139
618	367	3	891309319
593	172	4	886193379
608	1153	3	880406623
593	1035	3	875671464
618	93	3	891307019
618	182	4	891307289
618	28	4	891309887
608	9	4	880403765
580	358	4	884124472
619	245	4	885953743
617	860	1	883789635
580	300	3	884124103
622	2	4	882671363
621	404	3	874965496
621	567	3	874964991
619	117	5	885953778
622	845	3	882590291
606	1110	2	880927358
608	69	4	880405702
574	272	4	891278860
606	620	4	887059014
622	797	2	882670862
619	39	2	885954083
622	106	2	882591172
617	396	1	883789590
621	542	2	874965093
606	96	5	880925074
617	565	4	883789635
593	234	2	875660850
622	756	3	882591321
593	196	5	875670939
618	96	3	891307749
608	276	2	880404975
590	754	3	879438686
603	931	2	891956715
485	326	2	891041705
603	157	1	891957031
606	210	3	880924557
619	809	1	885954238
590	150	5	879438878
627	26	3	879530824
621	833	3	880738462
441	259	3	891035211
621	263	1	883800011
617	294	1	883788511
580	329	3	884124191
622	284	1	882590670
622	993	4	882590809
627	699	1	879530263
608	162	3	880406862
574	690	3	891279174
621	147	3	880738282
621	107	4	880737311
621	748	4	880226710
621	135	5	885596819
627	179	5	879530536
580	1028	3	884125829
621	541	4	874964605
633	28	4	877212366
627	1004	4	879531504
622	730	4	882669509
618	2	2	891309091
590	864	1	879439567
621	451	1	874963028
529	321	4	882535353
618	237	4	891307343
622	755	4	882670211
619	403	5	885954159
632	188	4	879457857
622	479	4	882669668
441	683	2	891035350
622	12	5	882669468
590	244	3	879439431
617	132	1	883789006
572	1010	2	879449683
441	1	5	891035468
441	405	3	891035507
632	288	3	879458977
633	1132	2	875325691
634	458	4	875729148
634	476	3	875729668
617	53	1	883789537
627	281	3	879531504
617	98	2	883789080
634	237	5	877018125
634	273	3	875729069
627	210	3	879531248
603	100	4	891956776
590	276	4	879439645
630	294	4	885666018
634	405	4	877017872
627	144	2	879531158
630	934	3	885667624
632	622	4	879459418
627	1194	4	879529855
630	845	3	885666918
642	70	2	886132189
590	1017	4	879439196
619	328	1	885953684
627	403	2	879530694
640	11	4	874777440
632	164	4	879458692
634	302	5	877974667
642	1039	5	885602630
630	717	3	885667661
572	1137	3	879449708
642	951	3	886568618
617	606	3	883788929
642	38	4	885843141
626	288	3	878771243
617	488	4	883789386
574	331	1	891279013
634	977	3	877018033
643	419	4	891448002
627	467	5	879530042
642	921	5	885603849
642	746	3	885602483
640	53	4	874778274
644	100	4	889076775
630	476	5	885667108
644	748	4	889076222
627	956	2	879530463
630	117	5	885666804
529	340	1	882535181
633	176	3	875325577
642	720	5	885606787
642	728	4	886131674
640	941	5	874778095
640	173	5	886354270
643	671	4	891446652
648	96	5	884368538
642	1469	4	886568725
580	294	4	884124337
632	71	4	879458649
633	526	4	877212250
642	132	3	885603636
633	143	4	877211134
640	38	4	874778612
630	278	4	885667508
580	123	4	884125199
630	1040	4	885667660
642	105	5	885606482
648	473	3	882211965
634	1008	2	877017951
632	25	1	879459418
648	288	4	882211654
630	127	2	885666536
633	288	2	875324233
634	919	2	877979309
603	181	5	891956154
634	286	5	877018125
603	748	5	891956302
634	124	3	875728913
644	300	5	889075967
563	254	3	880506963
650	630	5	891371061
590	126	5	879439316
644	823	4	889076997
626	324	4	878771281
650	517	3	891382033
648	298	2	884884466
643	154	4	891447286
648	674	3	884883476
633	778	2	877211886
632	202	4	879457712
563	50	5	880507404
643	229	3	891449640
650	514	3	891371020
648	304	5	884363798
572	1171	3	879449734
632	28	3	879458649
630	871	2	885666918
619	62	1	885954185
643	1101	3	891448002
644	294	4	889076095
654	4	4	887864830
643	546	3	891445660
632	419	4	879457903
643	1149	3	891447835
653	164	3	878854633
529	1038	4	882535304
644	257	5	889077278
648	586	3	884883149
653	573	1	880152843
580	281	2	884126077
630	25	2	885666779
619	241	5	885954083
650	843	2	891388266
653	402	1	880151488
653	444	1	880153329
650	747	3	891384202
653	50	5	878854100
654	423	4	887864432
653	1044	1	880153304
648	188	5	884882664
655	274	3	888474872
632	58	3	879459210
648	105	3	882212560
653	272	4	893275949
650	552	4	891370031
655	126	2	887426732
648	154	5	884881621
574	245	5	891279362
650	1474	3	891385288
653	566	5	878854190
640	385	5	874778569
655	693	3	888984506
655	1403	3	888813372
643	189	4	891447093
654	258	4	887863436
654	318	5	887864230
654	250	1	887863557
640	204	5	874777974
655	198	4	887428871
648	194	5	882213535
632	96	5	879457902
655	670	3	887430142
644	50	4	889077247
643	56	5	891446791
655	523	3	887427268
655	736	3	888685734
650	309	3	891369071
655	53	2	887429812
640	732	4	886354499
655	66	2	890887261
655	281	2	887426732
654	558	3	887864471
529	294	4	882535466
650	197	4	891372233
643	143	4	891447868
640	239	5	874778274
590	100	5	879438825
653	257	3	890181185
643	484	5	891448756
650	50	5	891372232
626	682	3	878771447
653	226	3	878867346
653	576	1	880152955
660	82	2	891200491
619	332	4	885953742
659	66	4	891385306
640	1073	5	874778299
650	521	3	891387616
660	392	2	891200072
654	821	3	887864907
646	690	3	888528417
644	243	4	889076364
660	167	2	891201565
663	588	4	889493628
563	412	2	880507108
646	304	3	888529014
640	720	3	874778612
660	96	3	891200430
659	507	5	891383561
660	845	3	891198385
646	682	3	888529153
659	646	4	891332122
660	510	3	891199056
633	79	5	875325128
572	476	4	879449573
664	179	4	876523654
633	234	4	877212594
664	89	5	878092649
663	181	4	889493732
659	601	3	891386241
663	1047	4	889492679
657	690	4	884238002
659	607	5	891331825
665	762	4	884290480
665	287	4	884290575
663	245	4	889491891
664	73	2	878090764
633	410	2	875325865
574	302	4	891278860
657	300	2	884237751
660	252	2	891198459
619	226	5	885954133
660	926	2	891201587
665	527	3	884294880
666	56	4	880139090
646	346	2	888528392
644	121	5	889077344
666	173	4	880139253
660	184	3	891200741
666	1047	3	880313858
661	183	4	876035466
661	132	5	886841714
663	411	3	889492877
663	658	4	889493467
664	433	3	876525998
574	1313	4	891278916
661	131	3	886841714
659	272	4	891044849
660	473	2	891198996
660	97	3	891200406
644	326	5	889076148
666	122	2	880313723
619	1314	3	885954341
664	229	3	876526631
666	223	3	880314144
661	480	5	876016491
659	569	2	891386910
654	546	4	887863885
664	187	5	876524699
654	222	5	887863534
661	97	4	888299980
664	659	5	876526518
590	1129	3	879438735
666	1170	4	880568352
654	66	4	887864727
664	118	3	876526604
574	910	1	891279362
669	505	3	891517159
661	118	4	876037058
663	956	4	889493732
676	265	5	892686703
663	7	4	889492841
659	602	4	891385986
654	69	4	887864641
663	117	4	889492390
666	203	4	880139180
666	182	4	880139526
666	638	3	880139563
664	478	5	878090415
646	683	3	888529014
666	183	5	880139180
682	924	5	888517627
665	343	3	884292654
663	11	5	889493628
659	258	4	891331825
666	4	5	880314477
664	1090	1	876526739
664	7	3	878091393
659	96	4	891384552
663	603	4	889493540
682	735	4	888517627
669	537	3	891517159
669	462	5	892550137
682	623	3	888523288
633	183	4	875325577
659	419	5	891331916
661	527	4	876035679
682	215	4	888517197
682	265	3	888520922
682	325	4	888521174
661	313	4	886829961
657	1009	4	884240629
665	177	3	884294374
682	68	5	888522575
684	64	4	878759907
669	169	3	891517159
682	352	1	888518424
665	684	3	884294286
665	1040	4	884291550
665	346	2	884289897
682	92	5	888519059
676	520	4	892686758
682	351	4	888518468
691	603	5	875543191
684	147	2	878232961
682	1303	2	888522699
626	294	3	878771243
665	476	4	884291133
684	38	3	878759635
661	178	4	876013492
626	328	1	878771505
644	307	4	889076031
580	471	3	884125018
661	443	4	876035933
661	436	4	876036043
690	384	3	881177804
690	364	3	881178026
689	273	3	876676165
690	218	5	881179906
665	65	4	884293523
665	328	4	884290055
441	294	4	891035211
693	181	3	875483881
563	237	5	880506666
669	898	1	891182812
684	553	4	878760305
690	25	3	881177430
693	499	4	875484539
689	879	2	876674692
669	23	4	891260474
698	1063	2	886367406
690	210	3	881177581
626	243	1	878771505
684	48	4	875812176
626	286	5	878771242
669	257	3	892549514
626	988	1	878771281
693	273	3	875481549
698	568	2	886367955
690	790	3	881177970
694	1050	3	875726759
690	80	3	881177778
693	132	4	875484562
690	276	3	881178293
693	131	3	875484953
693	480	4	875484454
694	432	4	875727513
699	748	2	879382698
699	100	4	878882667
694	191	5	875727749
698	512	4	886367644
704	205	5	891397819
669	326	1	891182678
707	14	3	880060118
563	210	4	880507483
704	209	3	891397667
704	354	4	891397015
657	151	4	884239886
693	289	3	889167919
708	322	3	892719062
707	663	4	886286979
698	83	5	886366731
684	161	3	878760137
704	381	3	891397713
707	256	4	880061024
707	716	2	886287051
694	196	5	875727226
693	1522	3	875483670
694	229	4	875728801
693	604	3	875484480
711	421	4	879993674
707	526	1	886287405
707	153	3	886286844
684	218	1	878232961
710	627	4	882064377
626	948	1	878771281
708	471	4	877325455
693	472	3	875484089
707	676	4	880060180
707	866	2	880060974
694	419	4	875729907
694	300	4	875726453
693	427	4	875484908
684	88	4	878761788
699	1	3	878882272
704	316	4	891397015
712	747	3	874730552
704	604	5	891397366
694	684	4	875730313
694	193	4	875728435
669	521	4	892550196
626	289	1	878771281
646	319	3	888529054
676	751	4	892685695
715	228	3	875963486
715	202	5	875962931
698	497	3	886367473
690	85	1	881177430
707	640	2	886287471
707	302	4	886285168
716	318	5	879794962
699	321	3	879383009
716	483	5	879795790
707	478	4	886285762
711	64	4	876278860
711	684	3	879993758
694	195	4	875726708
715	739	2	875964681
708	268	3	892718876
684	238	3	878759545
712	731	5	874729750
716	91	5	879796438
716	275	5	879793501
698	50	5	886366101
711	652	4	879993824
699	1060	3	879147367
699	324	4	879147497
715	410	4	875962227
711	720	3	879995077
712	392	5	874729996
694	9	5	875726618
721	87	3	877140859
669	340	4	891182948
699	456	1	880696679
669	523	4	891260638
699	760	3	879147239
699	983	3	886568097
690	67	4	881177836
676	181	5	892686164
626	332	3	878771355
717	287	5	884642558
712	1178	4	874957086
684	520	4	875812065
712	385	5	874729778
715	231	3	875963273
716	235	2	879794154
712	366	5	874956713
699	16	3	879148259
684	186	4	878762087
690	174	4	881179505
721	879	4	877136175
715	181	4	875961816
716	143	5	879796171
716	118	2	879793763
712	97	5	874729816
711	95	4	879993758
698	168	3	886366731
716	196	5	879796596
716	159	4	879797475
717	748	3	884641884
716	194	5	879795576
698	529	5	886366731
712	72	4	874730261
715	216	4	875963452
698	95	3	886367406
676	271	3	892685621
721	984	3	877137527
721	687	3	877137358
711	204	3	879992994
712	734	4	874957027
712	1119	4	874957269
717	25	5	884642710
699	544	4	879147109
717	324	3	884641842
698	478	4	886366814
676	354	4	892685437
721	289	3	877137597
715	33	3	875964751
676	748	4	892685538
711	269	5	879991028
715	284	4	875962109
721	333	3	877137358
725	1197	3	876106243
716	153	4	879796311
708	1051	4	892719193
711	343	3	882457816
691	1	5	875543346
715	756	2	875962280
711	1074	3	879995754
676	313	4	892685224
698	210	5	886366690
712	213	3	876251366
711	483	5	879992739
704	304	2	891396595
715	175	3	875962964
676	688	1	892685695
646	258	3	888528417
708	535	2	877325838
563	118	4	880506863
657	1	3	884239123
691	294	4	875542868
704	211	5	891398726
721	403	4	877139638
689	151	3	876676501
717	293	5	884715103
738	188	3	875350456
689	471	4	876676433
738	651	4	892957752
676	344	5	892685657
721	317	4	877147872
734	82	4	891022704
708	280	4	877325316
721	681	3	877137214
717	268	5	884642133
721	305	3	877137285
721	632	4	877147675
737	428	4	884315066
708	1	5	877325375
708	938	3	892718896
734	204	4	891022938
734	99	4	891023086
676	948	1	892685803
708	326	4	892719007
708	871	1	892719101
738	367	3	875351346
710	116	4	882063852
689	597	4	876676165
734	419	4	891023066
710	300	3	882063407
747	228	4	888639736
723	28	3	880498970
739	359	5	886825529
710	200	4	882063793
749	2	4	878849375
646	347	2	888528392
691	56	4	875543025
734	98	4	891025247
747	25	3	888639318
749	56	2	878847404
717	322	5	884642133
704	461	3	891397712
646	1237	3	888529127
749	125	5	878848764
746	96	4	885075267
746	117	4	885075304
738	196	4	875350086
657	922	4	884239123
708	751	4	892718687
734	166	3	891022849
749	663	4	878847988
717	328	4	884641842
737	186	5	884314944
657	286	4	884238002
749	366	4	878849903
750	330	2	879446215
691	170	5	875543395
689	125	3	876675152
739	69	5	886959069
747	108	4	888733415
738	318	5	892844112
691	8	2	875543346
738	151	4	875352737
747	208	5	888640862
738	205	5	892844079
738	180	5	892844112
749	49	4	878848137
741	95	2	891018400
704	152	2	891397819
747	23	5	888639735
738	183	5	892844079
749	1	4	881602577
738	199	4	892938594
738	96	5	892844112
717	150	4	884642339
657	628	3	884241192
749	142	4	878850456
657	475	4	884239057
572	289	3	879449277
717	294	3	884641842
747	223	5	888638913
749	399	3	878849433
749	252	3	878847057
747	432	5	888640567
572	277	1	879449799
750	286	4	879445755
710	22	3	882063852
749	31	5	878847209
747	48	5	888639890
734	607	5	891023066
717	100	4	884642268
741	783	3	891457633
747	1050	3	888640099
737	89	4	884314664
710	264	2	882063564
747	486	5	888732609
747	1375	4	888732571
741	399	2	891457456
752	286	1	891207940
710	751	3	882860806
741	69	4	891018550
737	222	3	884315127
741	435	4	891455353
732	300	4	882589552
646	300	3	888528418
737	47	3	884314970
752	272	4	891207898
750	301	4	879445911
741	94	3	891457483
741	1029	1	891457506
741	1090	1	891455880
704	180	4	891397491
657	346	4	884238162
734	591	4	891022977
764	86	3	876246358
737	175	5	884315246
741	54	3	891455610
732	873	5	882589845
691	98	4	875543281
750	331	4	879446114
773	169	5	888539232
734	198	1	891022734
734	174	4	891025247
710	265	4	883705484
766	451	2	891310824
725	264	1	876103811
764	223	3	876244625
774	1091	1	888558041
750	270	4	879445877
774	1419	1	888557409
760	65	2	875667131
572	121	2	879449610
746	128	3	885075211
739	79	4	886958938
764	245	4	876244181
760	183	2	875667366
780	70	2	891363969
773	72	3	888539531
766	487	3	891309090
572	13	4	879449763
646	313	5	888528457
774	195	3	888557236
766	1444	2	891310508
773	27	1	888540218
774	739	2	888558187
752	748	4	891208392
766	53	4	891310281
752	300	3	891208126
737	180	4	884314644
774	920	2	888559297
764	118	3	876243046
766	229	3	891310210
760	181	3	875666268
764	140	3	876245940
734	662	3	891022704
774	511	3	888556483
782	1216	2	891500150
764	742	3	876243410
786	276	1	882841875
764	820	3	876243953
774	576	1	888557520
773	64	4	888540507
723	174	4	880498996
786	405	4	882842311
773	959	4	888539608
766	357	4	891309558
725	245	4	876103793
710	50	4	882063766
780	433	1	891363826
788	568	3	880869862
788	723	3	880870207
766	483	3	891309250
766	82	3	891309558
788	23	3	880868277
773	239	4	888539512
766	77	2	891310313
773	229	3	888540112
782	250	4	891499440
746	184	4	885075267
739	100	5	886825383
789	1012	4	880332169
710	197	4	882064200
786	177	4	882843646
782	1600	3	891500066
741	5	3	891455671
710	99	4	882064434
786	633	4	882843237
790	380	4	885157419
790	1074	3	885158235
787	310	5	888979007
782	1023	3	891499611
766	90	1	891310313
786	230	4	882844295
782	322	4	891498381
773	91	4	888539232
766	98	3	891309522
773	639	4	888538931
741	31	3	891455516
785	195	4	879438984
782	938	3	891498030
789	127	5	880332039
788	480	3	880868473
752	313	3	891207791
760	723	2	875669011
774	527	1	888556698
794	242	5	891034156
750	294	4	879445961
774	89	2	888557198
794	887	4	891034284
780	662	5	891363756
787	899	3	888979074
764	143	5	876245331
781	483	5	879633942
737	12	4	884314922
786	471	4	882842311
774	294	1	888555792
788	754	4	880867477
774	229	2	888557329
773	559	2	888540314
794	118	2	891035413
788	185	4	880868316
790	154	4	885156290
780	491	4	891363651
782	683	1	891498213
782	249	2	891499399
746	196	4	885075612
773	37	3	888540352
781	100	5	879634175
780	202	4	891363783
782	984	2	891498821
782	329	3	891498213
790	157	2	885156193
781	474	5	879633976
746	231	2	885075476
790	1063	5	885156478
789	475	5	880332063
782	1538	3	891500109
764	71	5	876429672
798	94	3	875914939
798	1	4	875295695
786	404	4	882843500
788	229	3	880870299
788	51	4	880870018
750	306	4	879445877
798	998	3	875915317
764	321	1	876233034
760	216	2	875667366
788	235	3	880871328
802	135	4	875985347
798	988	3	875295469
746	566	4	885075367
788	692	3	880869106
787	361	3	888979075
785	209	3	879439043
798	1119	3	875916421
798	164	4	875303502
800	742	4	887646477
804	11	4	879442954
798	274	5	875295772
802	294	4	875984637
788	70	4	880869908
780	199	5	891363723
764	31	4	876246687
780	98	1	891364027
780	467	3	891363904
786	449	2	882844096
802	286	2	875984532
689	7	5	876676334
804	546	3	879443884
804	31	4	879442792
689	250	5	876676334
752	271	5	891208452
798	151	3	875554819
786	86	4	882843006
746	546	3	885075434
800	127	4	887646980
752	310	1	891207791
804	204	4	879441450
781	288	2	879633862
804	82	5	879442001
752	340	4	891208077
798	719	1	875743196
790	174	4	885155572
691	50	4	875543191
804	1076	3	879446162
805	319	2	881696876
790	38	2	885157929
805	715	4	881698828
798	138	3	876176160
804	318	5	879441450
790	284	4	884461888
746	56	3	885075211
804	588	4	879442687
802	323	5	875984722
750	271	4	879445911
804	399	4	879445111
806	324	2	882384513
790	412	4	885158495
786	429	4	882843237
657	109	1	884239886
802	452	4	875985976
790	1183	2	885157956
804	198	5	879441391
689	222	5	876674954
805	17	4	881695346
804	433	4	879444714
805	387	3	881696905
798	1224	2	875638842
790	139	2	885157748
787	269	3	888979547
786	187	4	882843112
806	405	3	882385762
794	475	5	891035822
807	399	4	893080801
807	419	5	892528813
739	969	1	886959039
806	629	3	882389862
807	117	4	892528813
739	286	2	886825020
746	232	3	885075304
805	321	3	881705292
780	208	3	891364125
806	705	4	882387595
805	595	3	881695951
760	604	4	875668219
807	385	4	892530349
815	196	4	878694526
785	22	4	879438957
739	132	4	886959039
802	447	2	875985686
807	465	4	892529448
807	471	4	892775416
752	288	5	891208452
807	250	4	893084375
805	755	3	881705810
805	747	3	881696729
806	177	3	882388254
805	176	4	881684185
821	742	4	874793130
815	944	3	878696318
818	302	5	891870264
805	475	5	881704016
814	565	3	885411347
805	576	4	881695040
806	182	5	882387925
815	386	2	878696563
823	94	2	878439497
806	407	3	882386125
746	550	4	885075367
787	292	3	888979236
806	3	2	882385916
806	192	4	882387798
794	50	5	891035307
780	133	5	891364086
807	239	4	892529805
823	211	5	878438585
760	278	4	875666242
807	636	4	892530752
802	327	2	875984861
815	173	5	878695241
732	882	5	882589819
752	896	3	891207846
823	81	4	878437836
802	444	4	875985840
806	654	5	882387837
806	238	4	882388082
781	322	2	879633862
780	357	5	891363723
807	1444	3	893082702
723	137	3	880498970
807	1050	5	892529311
752	347	4	891207846
739	96	5	886959039
815	483	5	878696284
830	385	4	891561805
826	336	4	885690064
826	313	5	885689782
828	1646	4	893186124
815	182	3	878693424
732	690	5	882589626
823	684	4	878439391
823	1217	1	878438435
814	656	3	885410957
823	502	5	878439008
794	238	5	891035135
814	100	4	885410957
828	887	4	891033611
815	183	5	878694381
823	739	4	878439582
835	1	3	891033420
833	340	5	879818293
833	544	1	875133458
689	111	3	876676501
725	258	4	876106729
823	31	5	878439038
823	210	4	878439498
835	325	5	891032391
826	1239	4	885690854
833	546	2	875036354
823	191	5	878437623
815	357	5	878693906
830	413	1	891899475
838	298	3	887064476
750	300	3	879446013
689	109	5	876675152
737	127	5	884315175
839	237	3	875752317
823	7	5	878438298
835	143	5	891033819
787	304	4	888980193
840	479	4	891204385
760	819	1	875666064
840	152	4	891204160
840	845	5	891203553
833	161	1	875224515
833	156	4	875038775
835	193	4	891033148
826	431	5	885690636
781	127	5	879634017
815	216	3	878693381
840	423	5	891209449
818	316	4	891870301
815	524	4	878693381
833	673	4	875224039
760	185	2	875667450
802	441	3	875985840
814	185	3	885411030
787	348	4	888979875
833	483	4	875122716
802	300	4	875986155
833	121	1	875133458
732	286	5	882589593
830	739	4	892503093
835	708	5	891035078
830	69	5	891898262
840	517	4	891204322
839	123	3	875752560
800	118	3	887646342
843	186	2	879447170
840	647	5	891205004
838	173	5	887065782
828	171	3	891036568
802	559	2	875985840
787	311	4	888979605
846	1074	3	883950859
828	19	5	891035613
843	452	2	879443442
833	367	3	875123359
826	38	3	885690750
833	129	3	875035718
835	393	5	891033718
814	200	4	885411204
838	596	5	887064275
846	94	4	883950711
737	427	3	884314970
830	82	3	891561673
833	187	5	875124348
750	269	4	879445755
846	627	4	883949594
739	216	4	886958831
787	333	3	888979074
846	57	2	883949121
781	324	4	879633862
843	298	2	879444531
840	732	3	891204947
826	241	4	885690600
739	1429	5	886825529
750	688	1	879446013
846	377	2	883950155
847	290	4	878775523
785	423	2	879438957
739	526	5	886958895
843	665	3	879443482
760	202	3	875667834
835	660	4	891033986
840	135	5	891204356
848	164	5	887043421
838	732	4	887066782
846	382	3	883948989
848	294	5	887037669
843	238	3	879446359
840	478	3	891204627
843	98	3	879443668
828	57	3	891037640
815	153	4	878695020
846	60	4	883948606
830	233	3	891561737
847	185	2	878939503
838	748	3	887060972
830	100	5	891560934
846	1518	2	883950186
846	90	2	883950001
830	511	5	891561673
828	971	4	891380167
848	1126	5	887043265
760	162	3	875668418
828	921	4	891037948
821	180	5	874793517
835	157	4	891033526
843	615	3	879446215
821	97	5	874793848
848	481	3	887038527
826	172	5	885690481
852	685	3	891036435
851	1009	2	874789084
849	928	5	879695153
828	269	4	891033574
787	329	4	888980193
835	628	3	891032930
789	93	4	880332063
830	288	1	891899475
851	27	4	875806765
840	465	4	891204798
840	166	5	891204798
821	275	5	874792369
838	181	5	887063696
794	514	5	891035604
847	826	3	878939266
830	225	3	891560596
839	260	2	875751560
839	257	3	875751930
854	186	3	882814298
848	69	2	887043340
838	318	5	887067085
838	72	4	887067162
826	50	5	885690525
839	244	3	875751958
848	32	5	887042871
846	566	5	883948874
854	979	4	882813315
843	444	2	879443442
835	654	5	891033173
818	912	3	891870301
851	1245	4	875730826
839	825	4	875752274
854	475	4	882812352
814	559	3	885411132
849	143	5	879695515
847	288	4	878774722
848	529	5	887042871
851	987	1	875730601
732	938	1	882590201
794	221	4	891036222
854	499	4	882813537
826	92	4	885690636
853	1025	4	879365360
851	693	5	875731816
846	258	3	883946284
725	300	4	876106729
843	448	4	879443297
851	11	5	875731441
826	182	4	885690600
830	194	4	891898720
835	131	5	891033560
854	87	4	882814063
785	1050	3	879439232
828	325	2	891035438
787	307	4	888979074
852	473	3	891036884
852	408	5	891036843
843	636	4	879443837
849	172	5	879695469
853	302	4	879364669
839	281	3	875752456
851	272	5	891961663
862	50	5	879304196
826	161	3	885690677
820	538	3	887954906
732	324	2	882590201
852	323	3	891036039
851	255	3	890343651
851	544	4	874728396
794	557	4	891036008
854	126	3	882812826
838	497	5	887067162
725	100	5	876106729
691	478	4	875543281
843	145	3	879443597
860	4	4	885991163
848	152	5	887046166
854	409	2	882813421
851	338	3	891961750
853	331	2	879364822
853	245	3	879365091
828	753	4	891037047
725	358	3	876103744
847	405	3	878938982
839	276	3	875751799
851	564	3	875806892
854	122	3	882813287
864	71	3	888889389
838	169	4	887067390
864	408	5	877214085
864	53	4	888891794
865	1028	1	880144024
847	238	2	878939975
862	407	3	879303843
838	311	4	887060659
847	1172	1	878939803
848	584	3	887039531
854	1014	3	882813315
864	642	3	888890432
785	301	4	879438565
868	204	2	877105882
854	273	4	882812852
839	475	5	875751856
867	660	4	880078723
852	118	4	891037262
828	1268	2	891038098
847	763	1	878775914
867	196	3	880079043
864	50	5	877214085
854	281	3	882813047
867	480	5	880078401
867	23	5	880078723
865	928	1	880144368
868	1031	1	877109535
572	124	5	879449610
848	615	5	887037980
864	273	5	878179555
862	210	4	879304410
870	517	2	875680597
820	289	2	887955020
860	289	3	880829225
839	1664	1	875752902
868	398	1	877109082
818	1105	1	891883071
848	480	5	887040025
871	245	3	888192475
862	505	4	879305016
862	127	5	879304196
870	952	3	880584584
864	168	4	888888067
847	434	3	878941520
852	257	4	891036414
875	772	5	876465188
867	211	3	880078484
821	181	4	874792521
862	357	3	879305204
789	1161	3	880332189
794	24	5	891035957
821	174	5	874793773
872	332	3	888480019
864	708	3	888889863
875	169	5	876465025
853	748	2	879364883
868	738	2	877108624
862	288	5	879302533
868	562	2	877112440
871	515	4	888193176
864	208	4	888888994
868	206	5	877108352
864	1446	3	888889948
860	283	4	885990998
794	847	5	891035822
864	566	4	888889601
789	286	1	880332039
781	64	4	879634387
800	864	4	887646980
818	286	4	891870222
818	328	4	891870301
821	118	3	874793218
870	481	4	875680046
862	215	4	879304624
853	326	2	879364955
868	1480	1	877111932
800	457	2	887646168
814	674	3	885411030
860	715	4	885991198
821	64	5	874793649
862	193	4	879304326
723	1	3	880499050
862	168	4	879304526
867	135	5	880079065
862	1011	5	879303123
852	151	4	891036922
880	386	3	880174995
878	283	3	880868035
870	642	4	875680258
880	824	4	880174879
869	412	5	884493279
880	307	4	892958090
868	568	1	877107847
871	346	3	888192859
878	582	4	880866810
737	156	5	884314693
839	321	1	875751470
870	566	2	882123618
880	299	4	892958517
821	126	5	874792570
880	398	3	880167965
871	174	5	888193176
880	232	4	880167806
800	304	3	887645987
870	521	3	875679795
881	54	4	876539387
821	1084	5	874792285
881	133	4	876537718
868	581	2	877109748
880	301	4	880166557
870	54	2	879714458
691	524	5	875543153
881	423	4	876538726
852	546	4	891037245
865	7	5	880143425
781	223	4	879634175
852	127	4	891035544
872	258	4	888478698
879	300	3	887760802
847	1050	3	878940618
870	511	3	881001249
871	27	2	888193275
869	846	2	884492201
869	310	4	884493279
872	323	2	888480019
880	791	2	880174961
883	792	4	891694182
867	79	4	880079142
814	590	2	885411749
849	15	5	879695896
878	642	3	880866971
870	466	4	878737789
867	956	4	880079142
880	651	5	880167695
881	550	3	876539261
878	427	5	880872394
880	820	3	880167384
881	671	3	876537512
880	295	5	892958887
872	815	4	888479434
875	334	4	876464800
883	7	5	891754985
870	171	4	875050698
883	144	4	892557605
868	1	4	877103320
883	68	4	891696957
821	100	2	874792285
847	108	2	878939266
881	663	5	876538322
870	134	4	875050697
884	116	4	876858914
881	1118	3	876538131
883	129	5	891755088
881	180	5	876538063
865	825	1	880144123
883	727	3	891696750
883	83	3	891693200
878	692	4	880869191
883	749	3	891695490
865	929	2	880144539
886	4	3	876031601
881	49	5	876538986
881	53	2	876539448
868	91	3	877107817
881	204	4	876538506
878	511	4	880866810
820	748	1	887955223
884	70	4	876859208
878	659	4	880870854
883	311	4	891691505
883	50	4	891696824
886	175	4	876031550
871	1197	3	888193136
871	1119	3	888193384
883	135	4	891717319
865	597	1	880144368
860	303	3	876074139
884	275	4	876857845
871	177	5	888193336
849	288	5	879695056
860	211	3	885990998
884	9	5	876858820
879	237	4	887761309
884	269	5	876857704
872	106	3	888479624
871	895	3	888192689
889	72	3	880181317
852	597	3	891037562
889	659	4	880178367
889	134	4	880179648
886	819	4	876033897
860	514	5	885991040
865	245	3	880235263
889	160	4	880180945
852	289	2	891035325
878	949	3	880871600
889	654	3	880178512
874	306	4	888632194
886	781	4	876033340
889	65	4	880180817
879	282	4	887761865
867	318	5	880078424
889	58	3	880178130
884	322	3	876857745
886	68	3	876032422
878	172	4	880870854
892	134	5	886608591
867	96	5	880078656
789	293	4	880332259
789	9	5	880332114
872	597	4	888479370
886	147	5	876033228
890	118	2	882915661
892	273	4	886608681
886	235	3	876032739
889	168	4	880178449
889	762	3	880177154
889	246	4	880176926
893	56	5	874829733
887	931	3	881379009
886	233	3	876032126
781	205	5	879634256
891	546	3	883489282
894	15	3	880416340
867	174	5	880078991
886	160	1	876031550
893	147	3	874828569
892	781	4	886610137
889	819	2	880177738
894	888	4	879896756
894	405	3	880416177
860	294	2	880829225
891	117	3	883488774
781	204	4	879634256
890	98	4	882403446
865	169	5	880235059
892	151	4	886609330
871	1385	3	888193136
878	655	3	880866687
887	1012	1	881378153
814	448	3	885411030
894	333	4	879896756
887	839	4	881379566
894	246	4	882404137
871	747	3	888193541
894	297	4	880416380
892	849	2	886610341
785	12	4	879439137
886	1303	1	876033987
886	232	3	876032973
820	315	3	887954828
896	1101	2	887159110
896	403	1	887160554
878	794	4	880869418
887	1015	5	881377933
893	426	4	874829733
691	631	4	875543025
896	108	3	887159854
894	134	4	879897198
892	87	5	886609263
879	1	4	887761865
896	281	2	887161172
896	67	2	887160983
853	873	3	879365091
869	312	2	884490251
896	310	4	887157208
892	441	3	886610267
814	443	3	885411132
897	1	5	879994113
853	879	4	879364955
894	269	3	879896041
820	264	3	887955180
890	237	3	882575209
890	181	4	882405808
890	89	4	882403446
853	292	4	879364669
890	340	4	882402181
897	597	5	879993519
887	993	5	881378251
818	322	2	891870389
890	163	3	883010005
892	226	3	886610201
814	675	3	885410957
887	369	5	881378896
897	472	5	879993620
789	50	5	880332114
887	1	5	881377972
901	275	3	877130677
894	302	4	879896041
572	319	4	879449209
896	525	5	887158164
896	212	2	887160582
892	1219	2	886611079
892	661	5	886608473
723	169	4	880498938
892	432	4	886610996
896	136	5	887158768
875	923	5	876465370
853	301	1	879364744
899	208	3	884121857
901	509	4	877288977
896	752	1	887161916
875	514	5	876465112
894	845	3	881443365
897	214	5	879990923
891	50	4	891638682
896	686	3	887159146
899	694	5	884121009
903	1132	3	891031949
899	209	5	884121173
894	752	3	888280083
904	9	4	879735316
887	111	5	881378370
732	305	2	882590201
907	1057	3	880159151
874	321	3	888632275
907	763	5	880159081
904	289	5	879735177
887	279	5	881378478
897	478	3	879991105
887	200	1	881380883
907	619	2	880159038
890	172	5	882402905
875	171	5	876465370
902	258	3	879463109
897	127	5	879990647
891	591	4	891639497
898	288	4	888294529
903	100	5	891031203
901	1049	3	877127021
872	932	4	888479498
895	597	2	879438101
907	100	5	880158712
789	294	3	880332275
899	216	5	884121885
890	443	4	882404541
853	323	3	879364883
879	151	3	887761425
872	1	3	888479151
903	318	5	891032793
897	227	3	879992190
887	1136	5	881381071
904	97	4	879735678
875	133	4	876464967
875	268	4	876464755
849	298	5	879695086
849	588	5	879695680
898	319	5	888294676
820	301	2	887955046
899	685	3	884119954
849	27	5	879695469
903	994	3	891031883
884	179	5	876859109
800	257	4	887646980
916	467	3	880844420
911	357	4	892838954
912	238	4	875966320
912	1041	4	875966616
800	1047	3	887646804
875	582	5	876465408
890	324	4	882404093
789	181	4	880332437
903	182	5	891380461
723	289	2	880498816
875	474	5	876465188
725	15	4	876106206
897	186	5	879994113
911	588	4	892840837
916	1428	3	880845415
869	118	1	884492338
890	843	3	882916650
897	393	4	879991493
884	1214	1	876860434
902	318	5	879465522
911	168	4	892838676
875	176	4	876465112
865	122	3	880144539
907	290	4	880159259
860	159	3	889984855
879	763	5	887761425
916	271	3	880843185
916	232	3	880844897
901	287	3	877126935
893	264	3	874828296
899	275	4	884119877
869	181	3	884490825
907	724	5	880159642
916	100	5	880843288
723	191	3	880499019
918	488	3	891987846
891	278	4	883489438
907	685	5	880158960
897	928	5	879993621
899	231	1	884122844
919	1101	5	875373470
919	787	3	875921283
921	24	3	879380097
916	366	3	880845658
884	166	3	876859207
903	409	4	891031794
891	280	3	883489646
860	1061	3	879169685
913	99	4	881366878
899	154	5	884122420
916	1046	2	880845722
903	746	2	891033302
901	78	4	877131738
916	470	3	880845476
800	597	4	887646555
916	160	3	880844511
907	340	2	880158425
901	22	5	877131045
897	151	5	879993519
907	591	5	880158913
916	451	3	880845227
860	301	2	880829226
919	257	4	875288848
912	204	2	875966202
916	252	2	880843864
922	161	3	891450401
901	8	3	877131307
918	131	3	891987824
911	435	5	892839993
901	988	4	877125716
913	58	5	880759221
902	295	2	879465128
922	143	4	891449021
928	8	5	880936905
902	327	3	879463373
912	172	3	875966027
913	357	5	880824372
903	203	4	891032911
927	222	5	879177177
922	210	3	891450368
921	1060	2	879379942
922	371	3	891448348
927	138	4	879198655
924	96	4	886760020
899	751	4	884120724
929	89	5	879640126
924	117	2	887421305
919	243	3	875288418
913	301	1	880753802
928	98	5	880936884
919	690	3	885059658
922	215	3	891453653
931	50	3	891036715
924	174	5	885458009
874	340	3	888632194
903	708	4	891033808
872	111	4	888479151
904	694	3	879735551
913	92	4	881725846
927	501	4	879190422
924	1400	4	886327641
899	660	4	884122564
893	117	4	874828772
927	294	5	879199250
903	204	3	891033335
820	343	4	887955241
818	887	4	891870590
919	259	4	875288362
891	934	3	883489806
932	135	5	891249538
820	316	3	887955204
932	7	4	891250109
909	286	4	891919160
932	435	4	891249821
800	125	3	887646608
932	285	4	891250392
921	8	3	884673699
913	260	1	881037229
922	1035	3	891449552
921	1	3	879379601
932	105	2	891252338
922	89	5	891450368
932	1204	5	891249821
922	72	4	891452470
913	1112	1	882044453
918	1065	4	891988002
903	254	2	891032101
725	181	4	876106206
919	19	4	875288681
932	504	4	891250236
872	237	4	888479275
919	253	3	875288748
928	187	5	880936884
913	8	2	880825916
924	6	4	886759441
934	50	5	891189363
899	230	4	884122472
934	423	3	891191660
933	1017	3	874854953
913	12	4	881366897
911	185	5	892841255
918	1200	4	891988276
919	322	3	875288253
911	174	4	892838577
935	476	4	884472465
893	294	3	874827789
891	281	5	891639920
932	1065	5	891251538
938	864	4	891356827
933	317	4	874853779
922	756	2	891455185
895	284	3	879438062
924	523	5	885458121
919	358	3	875288304
909	582	5	891920125
935	284	4	884472673
909	292	4	891919160
874	748	3	888633197
913	527	5	881036957
919	887	3	885059452
891	471	5	891639941
929	209	3	880817752
874	289	4	888633197
927	24	3	879181042
901	623	4	877131793
940	193	3	885921893
932	176	5	891250449
940	568	3	885921870
935	100	3	884472110
872	748	3	888478942
940	14	3	885921710
922	382	4	891451373
925	5	4	884718156
934	573	2	891197530
940	205	3	885921243
933	28	4	874853977
865	676	2	880144153
940	272	4	884801316
911	496	3	892838954
912	132	5	875965981
937	275	4	876769323
940	655	4	885921775
913	1240	2	881037004
933	187	4	874854294
932	55	3	891249994
938	122	1	891357190
911	381	5	892839846
865	268	4	880142652
893	148	3	874829287
937	9	5	876769373
924	127	3	884371438
940	315	4	884801125
911	98	2	892839015
902	50	5	879464726
869	240	4	884491734
933	64	5	874853605
933	447	2	874854678
818	751	5	891870473
940	66	4	885922016
933	156	4	874854135
934	1425	1	891197851
926	286	4	888636202
932	1266	4	891248937
924	195	5	886065785
943	58	4	888639118
884	165	3	876859070
924	273	3	889286721
907	317	5	880159910
927	228	5	879184644
921	932	3	879381128
901	929	4	877126902
940	873	3	889480440
909	116	5	891920010
935	471	4	884472352
907	620	4	880159113
933	98	5	874853734
922	202	5	891448115
723	189	3	880498938
943	111	4	875502192
939	931	2	880262196
895	181	5	879437950
911	485	3	892839454
943	11	4	888639000
936	1258	2	886833281
921	313	5	884673044
820	288	5	887954934
928	496	5	880936863
938	313	5	891349471
901	12	5	877132065
929	31	2	880817708
918	640	3	891988163
929	517	5	879640329
893	1	5	874827725
869	284	1	884491966
934	177	3	891192623
931	237	3	891036552
893	405	5	874828864
918	428	5	891988001
869	50	4	884490892
921	282	2	879379714
938	240	2	891356847
930	121	4	879535392
921	720	4	879381128
918	204	1	891987317
943	570	1	888640125
936	818	4	886832903
940	289	3	884801144
943	232	4	888639867
904	628	3	879735362
933	577	1	874938705
920	347	4	884220131
931	678	3	891036247
930	148	1	879534886
933	523	4	874853957
935	846	4	884472999
936	285	4	886832221
911	423	4	892840837
929	419	4	880817844
929	134	4	880817752
909	275	5	891920166
938	125	3	891356742
931	476	3	891036974
939	106	3	880262019
934	25	4	891195233
909	531	4	891920166
921	1047	1	879380015
921	72	4	879380806
869	1134	1	884492445
938	988	3	891356282
918	419	3	891987622
935	127	4	884472086
934	197	5	891192041
918	923	4	891987317
940	96	5	885921265
924	1036	2	886759690
924	300	2	884337243
931	1152	4	891037177
928	333	3	880937258
929	515	5	878402162
912	154	4	875966027
904	66	4	879735641
918	137	5	891987879
933	470	4	874854611
928	1007	5	880937163
927	380	5	879196283
937	285	4	876769436
930	8	3	879535713
935	717	4	884472872
943	1067	2	875501756
920	331	3	884220094
934	297	5	891189969
936	340	4	886831535
943	808	4	888639868
904	778	3	879735678
921	471	2	879379821
902	134	3	879465523
918	289	2	891988559
891	531	4	883430128
869	756	1	884492780
800	276	3	887646245
898	300	2	888294375
927	15	5	879177509
934	151	3	891189401
934	202	5	891193132
893	471	4	874828897
929	188	4	880817728
898	324	4	888294621
939	258	4	880260692
904	421	5	879735772
939	1054	4	880261868
934	195	4	891191600
936	106	3	886833148
931	303	4	891035917
943	356	4	888639598
902	993	3	879465180
725	321	2	876103700
874	276	4	888632484
891	1197	5	891638734
898	683	3	888294775
725	286	5	876106729
930	651	3	879535574
931	245	4	891037024
884	736	3	876859329
893	724	3	874830160
939	689	5	880260636
936	281	4	886832903
926	322	2	888636270
849	427	4	879695317
936	952	4	886832966
943	186	5	888639478
943	215	5	888639000
943	443	2	888639746
936	298	4	886832134
935	257	2	884472110
909	300	5	891919232
927	456	2	879182709
936	111	4	886832597
938	1033	2	891357137
929	474	4	879640126
925	678	3	884717790
939	476	5	880261974
936	236	5	886832183
920	300	3	884220058
925	218	4	884717862
732	245	4	882590200
898	748	4	888294739
931	362	3	891035970
935	742	5	884472266
938	477	1	891356702
927	7	3	879177298
820	271	2	887955020
937	268	1	876762200
898	751	3	888294621
931	121	2	891036604
938	763	4	891356656
936	1086	3	886832134
902	333	3	879463310
902	250	4	879465073
929	23	3	880817681
874	150	4	888632448
938	333	4	891356146
925	682	4	884717586
879	15	4	887761865
930	763	3	879535102
939	409	4	880261532
818	690	3	891870301
925	56	3	884717963
849	174	5	879695469
879	1284	3	887761562
927	367	5	879199250
929	1	3	878402162
732	875	1	882590201
931	310	3	891035876
938	476	4	891357137
925	185	4	884717963
920	332	3	884219953
930	245	3	879534165
902	515	5	879464726
912	483	5	875965906
931	744	4	891036463
785	168	4	879438810
937	515	5	876769253
912	496	4	875965939
912	143	5	875966694
925	323	4	884633287
912	423	5	875966694
937	297	4	876769436
912	482	5	875965939
930	283	4	879535544
920	682	3	884220058
902	176	5	879465834
909	1121	5	891920703
909	509	5	891920211
732	322	3	882590201
879	127	5	887761249
874	191	4	888633311
939	121	5	880261373
849	633	5	879695420
898	242	4	888294441
785	183	5	879439232
820	313	5	887954934
898	286	2	888294408
935	121	4	884472434
926	300	3	888351623
909	682	3	891920763
909	165	5	891920233
925	299	3	884717478
926	288	3	888636202
937	224	4	876769480
895	13	5	879437950
930	151	2	879534724
898	270	4	888294408
930	288	1	879534001
937	242	3	876762200
904	328	2	879735136
904	739	4	879735678
937	126	4	876769374
723	322	2	880499254
935	237	5	884472159
874	124	4	888632411
930	455	1	879534692
920	328	2	884220058
879	222	4	887761460
920	1612	4	884219953
879	597	2	887761229
926	303	3	888351713
895	50	5	879438062
785	1	4	879439137
937	293	4	876769530
926	325	1	888636269
926	315	4	888351623
818	300	2	891870222
904	451	4	879735584
939	1190	5	880260883
785	288	3	879438537
930	269	4	879535392
925	948	2	884717790
920	270	3	884219993
874	197	4	888633310
928	358	5	880936023
895	301	4	879437793
874	14	4	888632411
939	993	4	880260853
939	222	5	880260956
925	332	4	884717404
928	878	5	880936022
723	258	4	880498768
937	301	1	876768812
723	172	4	880498890
926	289	3	888636269
928	877	5	880936022
920	350	4	884219953
920	346	4	884219768
925	333	3	884717790
920	302	4	884219701
898	358	4	888294739
895	275	5	879438011
926	340	4	888351623
928	1025	5	880936022
928	266	5	880936022
926	258	4	888636202
895	988	3	879437845
895	1014	3	879438082
926	313	3	888351622
895	117	3	879438082
895	294	4	879437727
