186	302	3	891717742
22	377	1	878887116
298	474	4	884182806
253	465	5	891628467
305	451	3	886324817
62	257	2	879372434
286	1014	5	879781125
224	29	3	888104457
291	1042	4	874834944
234	1184	2	892079237
119	392	4	886176814
299	144	4	877881320
291	118	2	874833878
308	1	4	887736532
95	546	2	879196566
301	98	4	882075827
225	193	4	879539727
97	194	3	884238860
181	1081	1	878962623
7	32	4	891350932
287	327	5	875333916
246	201	5	884921594
249	241	5	879641194
99	4	5	886519097
178	332	3	882823437
251	100	4	886271884
42	423	5	881107687
292	515	4	881103977
246	919	4	884920949
223	274	4	891550094
189	512	4	893277702
246	416	3	884923047
178	248	4	882823954
225	237	5	879539643
299	229	3	878192429
225	480	5	879540748
291	144	5	874835091
267	518	5	878971773
42	403	3	881108684
95	625	4	888954412
119	1153	5	874781198
62	498	4	879373848
62	382	3	879375537
90	382	5	891383835
286	208	4	877531942
250	496	4	878090499
265	118	4	875320714
198	498	3	884207492
42	96	5	881107178
168	151	5	884288058
90	648	4	891384754
62	21	3	879373460
237	514	4	879376641
94	789	4	891720887
298	317	4	884182806
44	195	5	878347874
264	200	5	886122352
250	264	3	878089182
224	245	3	888082216
82	135	3	878769629
262	1147	4	879791710
250	140	3	878092059
286	379	5	877533771
7	479	4	891352010
174	368	1	886434402
82	1134	2	884714402
305	427	5	886323090
95	787	2	888954930
299	955	4	889502823
299	111	3	877878184
99	268	3	885678247
85	427	3	879456350
213	273	5	878870987
121	514	3	891387947
90	98	5	891383204
49	559	2	888067405
42	794	3	881108425
155	323	2	879371261
305	117	2	886324028
44	294	4	883612356
80	466	5	887401701
298	281	3	884183336
66	298	4	883601324
99	79	4	885680138
26	258	3	891347949
7	455	4	891353086
119	328	4	876923913
213	172	5	878955442
94	1217	3	891723086
26	930	2	891385985
256	452	4	882164999
1	61	4	878542420
292	174	5	881105481
251	748	2	886272175
224	26	3	888104153
181	220	4	878962392
305	471	4	886323648
125	235	2	892838559
97	228	5	884238860
90	347	4	891383319
125	478	4	879454628
299	14	4	877877775
16	944	1	877727122
301	790	4	882078621
305	214	2	886323068
286	171	4	877531791
178	568	4	882826555
62	65	4	879374686
301	401	4	882078040
70	746	3	884150257
250	7	4	878089716
14	98	3	890881335
299	1018	3	889502324
119	237	5	874775038
66	258	4	883601089
233	202	5	879394264
214	334	3	891542540
192	476	2	881368243
301	56	4	882076587
234	141	3	892334609
181	264	2	878961624
7	382	4	891352093
264	813	4	886122952
181	872	1	878961814
85	507	4	879456199
286	143	4	889651549
292	11	5	881104093
189	520	5	893265380
119	222	5	874775311
158	177	4	880134407
301	79	5	882076403
181	3	2	878963441
1	189	3	888732928
296	705	5	884197193
42	546	3	881105817
301	554	3	882078830
16	64	5	877720297
95	135	3	879197562
296	508	5	884196584
16	705	5	877722736
184	218	3	889909840
181	1295	1	878961781
184	153	3	889911285
1	33	4	878542699
1	160	4	875072547
184	321	5	889906967
94	343	4	891725009
301	227	3	882077222
301	191	3	882075672
82	183	3	878769848
308	1197	4	887739521
267	410	4	878970785
286	237	2	875806800
90	1086	4	891384424
308	649	4	887739292
16	197	5	877726146
61	678	3	892302309
299	577	3	889503806
305	425	4	886324486
49	959	2	888068912
94	1224	3	891722802
197	96	5	891409839
234	206	4	892334543
308	402	4	887740700
308	640	4	887737036
94	265	4	891721889
121	291	3	891390477
296	20	5	884196921
234	612	3	892079140
7	163	4	891353444
234	1451	3	892078343
178	731	4	882827532
236	71	3	890116671
256	781	5	882165296
249	188	4	879641067
301	604	4	882075994
213	173	5	878955442
125	163	5	879454956
174	315	5	886432749
213	515	4	878870518
239	56	4	889179478
181	279	1	878962955
291	80	4	875086354
250	238	4	878089963
181	325	2	878961814
119	407	3	887038665
287	1	5	875334088
213	176	4	878956338
286	288	5	875806672
99	111	1	885678886
65	47	2	879216672
85	259	2	881705026
250	596	5	878089921
137	144	5	881433689
181	938	1	878961586
189	1060	5	893264301
1	20	4	887431883
299	305	3	879737314
214	568	4	892668197
7	430	3	891352178
116	350	3	886977926
70	431	3	884150257
189	526	4	893266205
299	303	3	877618584
264	294	3	886121516
184	187	4	889909024
298	486	3	884183063
235	185	4	889655435
62	712	4	879376178
246	94	2	884923505
256	849	2	882164603
224	77	4	888103872
94	184	2	891720862
281	338	2	881200457
94	720	1	891723593
234	187	4	892079140
181	306	1	878962006
264	721	5	886123656
197	346	3	891409070
308	427	4	887736584
198	58	3	884208173
230	680	4	880484286
181	741	1	878962918
192	1061	4	881368891
234	448	3	892335501
90	900	4	891382309
90	289	3	891382310
305	71	3	886323684
119	382	5	874781742
280	508	3	891700453
301	33	4	882078228
90	259	2	891382392
308	55	3	887738760
94	744	4	891721462
26	1015	3	891352136
82	508	2	884714249
62	12	4	879373613
178	845	4	882824291
308	81	5	887737293
121	740	3	891390544
230	742	5	880485043
239	1099	5	889179253
22	376	3	878887112
82	717	1	884714492
298	181	4	884125629
283	1114	5	879297545
70	217	4	884151119
246	561	1	884923445
189	56	5	893265263
62	1016	4	879373008
214	478	4	891544052
280	631	5	891700751
42	274	5	881105817
1	202	5	875072442
280	540	3	891702304
150	293	4	878746946
7	497	4	891352134
178	317	4	882826915
178	742	3	882823833
95	1217	3	880572658
234	1462	3	892333865
97	222	5	884238887
264	655	4	886123530
42	588	5	881108147
246	409	2	884923372
256	127	4	882164406
213	235	1	878955115
292	661	5	881105561
246	665	4	884922831
236	632	3	890116254
90	1198	5	891383866
22	128	5	878887983
311	432	4	884365485
299	134	4	878192311
1	171	5	889751711
308	295	3	887741461
234	626	4	892336358
90	25	5	891384789
49	302	4	888065432
286	153	5	877531406
22	80	4	878887227
234	318	4	892078890
223	328	3	891548959
94	1220	3	891722678
7	492	5	891352010
16	55	5	877717956
239	1070	5	889179032
234	10	3	891227851
280	1049	2	891702486
308	187	5	887738760
192	948	3	881368302
85	588	3	880838306
262	931	2	879790874
159	1028	5	880557539
158	665	2	880134532
82	597	3	878768882
189	20	5	893264466
267	121	3	878970681
125	80	4	892838865
253	259	2	891628883
42	44	3	881108548
291	686	5	874835165
262	28	3	879792220
236	57	5	890116575
158	729	3	880133116
168	866	5	884287927
37	288	4	880915258
141	245	3	884584426
235	230	4	889655162
90	506	5	891383319
186	566	5	879023663
44	660	5	878347915
7	661	5	891351624
49	1003	2	888068651
62	68	1	879374969
42	1028	4	881106072
178	433	4	882827834
85	51	2	879454782
197	688	1	891409564
286	99	4	878141681
224	69	4	888082495
66	877	1	883601089
7	648	5	891351653
195	1052	1	877835102
44	449	5	883613334
94	62	3	891722933
230	304	5	880484286
286	357	4	877531537
14	269	4	892242403
311	179	2	884365357
65	806	4	879216529
37	540	2	880916070
44	443	5	878348289
1	265	4	878542441
299	387	2	889502756
94	572	3	891723883
286	746	4	877533058
239	272	5	889181247
62	665	2	879376483
178	385	4	882826982
158	1098	4	880135069
305	654	4	886323937
7	378	5	891353011
95	233	4	879196354
16	194	5	877720733
311	654	3	884365075
292	589	4	881105516
235	70	5	889655619
125	190	5	892836309
255	1034	1	883217030
42	625	3	881108873
230	1444	2	880485726
256	443	3	882164727
305	512	4	886323525
184	412	2	889912691
256	86	5	882165103
190	977	2	891042938
150	181	5	878746685
85	1065	3	879455021
213	133	3	878955973
223	11	3	891550649
174	937	5	886432989
195	273	4	878019342
224	178	4	888082468
99	1016	5	885678724
292	9	4	881104148
85	228	3	882813248
287	926	4	875334340
1	155	2	878542201
24	64	5	875322758
82	56	3	878769410
82	477	3	876311344
256	761	4	882164644
308	1286	3	887738151
16	8	5	877722736
44	644	3	878347818
17	13	3	885272654
313	117	4	891015319
197	347	4	891409070
239	491	5	889181015
186	250	1	879023607
239	194	5	889178833
197	511	5	891409839
280	1	4	891700426
1	117	3	874965739
224	583	1	888103729
198	258	4	884204501
239	513	5	889178887
233	375	4	876374419
85	642	4	882995615
184	522	3	889908462
99	873	1	885678436
214	131	3	891544465
296	228	4	884197264
85	433	3	879828720
239	234	3	889178762
230	172	4	880484523
313	478	3	891014373
70	1133	3	884151344
62	182	5	879375169
198	234	3	884207833
65	125	4	879217509
174	660	5	886514261
283	432	5	879297965
311	98	5	884364502
195	751	4	883295500
239	9	5	889180446
249	239	3	879572284
291	1178	4	875086354
125	382	1	892836623
70	399	4	884068521
311	9	4	884963365
301	523	4	882076146
198	118	2	884206513
26	125	4	891371676
24	191	5	875323003
313	566	4	891016220
14	213	5	890881557
230	963	5	880484370
253	97	4	891628501
121	180	3	891388286
291	418	4	875086920
283	845	4	879297442
250	204	2	878091682
186	148	4	891719774
312	692	4	891699426
291	376	3	875086534
153	174	1	881371140
49	995	3	888065577
313	616	5	891015049
16	178	5	877719333
85	25	2	879452769
42	98	4	881106711
184	98	4	889908539
296	222	5	884196640
256	472	4	882152471
190	974	2	891625949
82	756	1	878768741
198	658	3	884208173
158	128	2	880134296
223	1150	2	891549841
1	47	4	875072125
291	1016	4	874833827
233	177	4	877661496
214	117	4	891543241
184	602	4	889909691
95	68	4	879196231
313	436	4	891029877
22	241	3	878888025
262	617	3	879793715
66	181	5	883601425
262	174	3	879791948
314	28	5	877888346
44	258	4	878340824
16	89	2	877717833
125	318	5	879454309
291	15	5	874833668
239	96	5	889178798
223	423	3	891550684
82	194	4	878770027
280	845	3	891700925
179	339	1	892151366
178	199	4	882826306
116	331	3	876451911
246	721	4	884921794
312	100	4	891698613
262	64	5	879793022
223	763	3	891550067
99	403	4	885680374
174	402	5	886513729
256	487	5	882164231
250	196	4	878091818
97	670	5	884239744
61	323	3	891206450
304	259	1	884967253
37	403	5	880915942
49	68	1	888069513
44	15	4	878341343
190	117	4	891033697
158	24	4	880134261
262	223	3	879791816
214	137	4	891543227
298	625	4	884183406
230	138	3	880485197
16	209	5	877722736
312	133	5	891699296
305	483	5	886323068
141	258	5	884584338
44	240	4	878346997
186	263	3	879023571
214	213	4	891544414
233	208	4	880610814
312	153	2	891699491
230	419	4	880484587
14	174	5	890881294
296	429	5	884197330
253	746	3	891628630
66	1	3	883601324
264	448	2	886122031
239	475	5	889178689
264	70	4	886123596
24	763	5	875322875
223	908	1	891548802
99	246	3	888469392
44	507	3	878347392
305	79	3	886324276
82	343	1	884713755
197	302	3	891409070
85	282	3	879829618
213	13	4	878955139
125	134	5	879454532
291	428	5	874871766
70	419	5	884065035
311	559	2	884366187
99	274	1	885679157
184	277	3	889907971
298	1346	3	884126061
121	14	5	891390014
312	573	5	891712535
246	239	3	884921380
256	220	3	882151690
125	657	3	892836422
65	1142	4	879217349
121	117	1	891388600
184	191	4	889908716
313	22	3	891014870
314	1150	4	877887002
280	127	5	891702544
311	566	4	884366112
184	514	5	889908497
37	117	4	880915674
22	258	5	878886261
70	82	4	884068075
116	250	4	876452606
237	191	4	879376773
287	252	1	875334361
224	678	3	888082277
65	100	3	879217558
116	255	3	876452524
246	425	5	884921918
95	1	5	879197329
147	904	5	885594015
311	386	3	884365747
158	510	3	880134296
34	312	4	888602742
214	302	4	892668197
249	930	2	879640585
195	328	4	884420059
304	237	5	884968415
168	1278	3	884287560
265	471	4	875320302
26	685	3	891371676
150	129	4	878746946
70	210	4	884065854
197	300	4	891409422
214	693	3	891544414
255	472	1	883216958
66	7	3	883601355
158	770	5	880134477
178	276	3	882823978
311	143	3	884364812
267	17	4	878971773
116	751	3	890131577
287	347	4	888177040
197	55	3	891409982
195	1014	4	879673925
31	886	2	881547877
316	98	5	880853743
168	274	4	884287865
287	294	5	875333873
49	47	5	888068715
296	855	5	884197352
44	95	4	878347569
262	386	3	879795512
116	942	3	876454090
141	826	2	884585437
49	625	3	888067031
313	99	4	891014029
249	255	3	879571752
49	581	3	888068143
195	300	3	890588925
119	718	5	874774956
99	50	5	885679998
262	821	3	879794887
311	716	4	884365718
262	553	4	879795122
214	275	3	891542968
16	56	5	877719863
262	293	2	879790906
312	28	4	891698300
31	484	5	881548030
246	1218	3	884922801
65	196	5	879216637
24	367	2	875323241
214	1129	4	892668249
158	241	4	880134445
224	191	4	888082468
198	7	4	884205317
189	197	5	893265291
26	235	2	891372429
256	25	5	882150552
22	510	5	878887765
312	494	5	891698454
264	504	5	886122577
137	687	4	881432756
189	634	3	893265506
251	148	2	886272547
312	921	5	891699295
311	419	3	884364931
249	746	5	879641209
95	527	4	888954440
189	751	4	893265046
253	510	5	891628416
195	154	3	888737525
223	8	2	891550684
313	200	3	891017736
116	1216	3	876452582
116	271	4	886310197
49	547	5	888066187
235	87	4	889655162
250	404	4	878092144
289	282	3	876789180
314	535	4	877887002
250	338	4	883263374
95	172	4	879196847
223	977	2	891550295
174	80	1	886515210
235	480	4	889655044
99	354	2	888469332
224	873	2	888082187
298	252	4	884183833
249	88	4	879572668
49	7	4	888067307
249	708	4	879572403
313	745	3	891016583
251	1014	5	886272486
249	723	4	879641093
264	33	3	886122644
190	302	5	891033606
224	20	1	888104487
267	840	4	878970926
158	72	3	880135118
250	244	4	878089786
223	411	1	891550005
137	300	5	881432524
213	294	3	878870226
150	221	4	878747017
189	1005	4	893265971
95	1229	2	879198800
213	609	4	878955533
198	100	1	884207325
266	676	3	892257897
197	229	3	891410039
159	127	5	880989744
230	202	4	880485352
267	403	4	878971939
314	95	5	877888168
230	378	5	880485159
80	582	3	887401701
312	121	3	891698174
189	1115	4	893264270
253	216	4	891628252
223	596	3	891549713
267	980	3	878970578
314	1263	2	877890611
314	276	1	877886413
313	96	5	891015144
296	248	5	884196765
147	292	5	885594040
97	89	5	884238939
186	470	5	879023693
267	386	3	878973597
230	142	4	880485633
174	395	1	886515154
314	417	4	877888855
159	1037	2	884360502
186	983	3	879023152
316	306	4	880853072
280	781	4	891701699
198	135	5	884208061
298	152	3	884183336
158	1011	4	880132579
174	237	4	886434047
125	997	2	892838976
116	7	2	876453915
141	274	5	884585220
26	25	3	891373727
197	515	5	891409935
287	257	4	875334224
296	258	5	884196469
125	239	5	892838375
255	448	3	883216544
313	148	2	891031979
186	281	4	879023390
325	485	3	891478599
312	641	5	891698300
296	242	4	884196057
195	265	4	888737346
121	509	5	891388145
280	472	2	891702086
236	265	2	890116191
280	128	3	891701188
97	482	5	884238693
174	160	5	886514377
159	685	4	880557347
326	22	4	879874989
26	455	3	891371506
97	484	3	884238966
213	12	5	878955409
14	709	5	879119693
22	79	4	878887765
137	546	5	881433116
292	328	3	877560833
249	11	5	879640868
197	294	4	891409290
26	1016	3	891377609
179	905	4	892151331
236	313	4	890115777
37	55	3	880915942
314	692	5	877888445
292	195	5	881103568
233	99	3	877663383
66	249	4	883602158
280	204	3	891700643
97	98	4	884238728
314	1289	2	877887388
296	48	5	884197091
236	286	5	890115777
174	471	5	886433804
298	91	2	884182932
147	305	4	885593997
314	1518	4	877891426
255	678	2	883215795
97	50	5	884239471
150	121	2	878747322
14	530	5	890881433
298	8	5	884182748
287	249	5	875334430
186	385	4	879023894
198	179	4	884209264
34	242	5	888601628
70	50	4	884064188
312	228	3	891699040
198	214	4	884208273
267	238	4	878971629
97	115	5	884239525
314	1218	4	877887525
287	11	5	875335124
249	124	5	879572646
235	647	4	889655045
287	56	5	875334759
150	100	2	878746636
195	496	4	888737525
14	474	4	890881557
289	849	4	876789943
61	328	5	891206371
267	423	3	878972842
235	1149	4	889655595
316	588	1	880853992
137	237	4	881432965
316	292	4	880853072
253	50	4	891628518
70	584	3	884150236
235	419	5	889655858
147	258	4	885594040
237	494	4	879376553
255	859	3	883216748
119	213	5	874781257
116	185	3	876453519
195	387	4	891762491
233	482	4	877661437
292	86	4	881105778
251	144	5	886271920
34	690	4	888602513
292	276	5	881103915
22	791	1	878887227
155	988	2	879371261
236	729	5	890118372
255	217	2	883216600
116	301	3	892683732
328	9	4	885045993
195	186	3	888737240
31	682	2	881547834
237	528	5	879376606
65	202	4	879217852
289	7	4	876789628
168	284	2	884288112
267	739	4	878973276
233	806	4	880610396
70	417	3	884066823
65	56	3	879217816
236	506	5	890118153
326	186	4	879877143
26	15	4	891386369
121	405	2	891390579
287	92	4	875334896
22	511	4	878887983
326	480	4	879875691
186	588	4	879024535
147	339	5	885594204
80	886	4	883605238
22	227	4	878888067
155	748	2	879371261
119	313	5	886176135
37	183	4	880930042
17	508	3	885272779
174	396	1	886515104
235	511	5	889655162
150	246	5	878746719
179	751	1	892151565
253	183	5	891628341
26	257	3	891371596
121	86	5	891388286
292	653	4	881105442
255	879	3	883215660
119	716	5	874782190
330	11	4	876546561
253	203	4	891628651
159	259	4	893255969
137	55	5	881433689
328	200	4	885046420
237	100	5	879376381
150	13	4	878746889
328	905	3	888641999
14	357	2	890881294
233	357	5	877661553
264	475	5	886122706
330	136	5	876546378
186	406	1	879023272
179	258	5	892151270
37	685	3	880915528
325	402	2	891479706
61	690	2	891206407
168	255	1	884287560
328	568	3	885047896
330	235	5	876544690
24	153	4	875323368
235	1464	4	889655266
86	258	5	879570366
255	185	4	883216449
65	676	5	879217689
190	147	4	891033863
150	1	4	878746441
24	427	5	875323002
264	401	5	886123656
289	1	3	876789736
328	742	4	885047309
265	7	2	875320689
326	69	2	879874964
65	97	5	879216605
190	751	4	891033606
328	271	3	885044607
281	332	4	881200603
326	153	4	879875751
159	249	4	884027269
14	22	3	890881521
289	815	3	876789581
326	50	5	879875112
328	519	5	885046420
235	319	4	889654419
304	271	4	884968415
328	521	4	885047484
163	288	3	891220226
237	211	4	879376515
328	591	3	885047018
328	754	4	885044607
155	321	4	879370963
326	168	3	879874859
150	325	1	878747322
17	151	4	885272751
190	340	1	891033153
14	111	3	876965165
236	187	3	890118340
159	815	3	880557387
326	468	3	879875572
325	504	3	891477905
168	235	2	884288270
14	56	5	879119579
159	111	4	880556981
137	195	5	881433689
325	430	5	891478028
289	410	2	876790361
34	310	4	888601628
24	742	4	875323915
326	282	2	879875964
328	655	4	886037429
80	50	3	887401533
236	143	4	890116163
326	496	5	879874825
236	686	3	890118372
17	9	3	885272558
168	295	4	884287615
326	54	3	879876300
31	302	4	881547719
253	747	3	891628501
325	154	3	891478480
132	922	5	891278996
336	66	3	877756126
168	596	4	884287615
168	1197	5	884287927
34	259	2	888602808
338	494	3	879438570
190	717	3	891042938
265	279	2	875320462
159	323	4	880485443
179	316	5	892151202
192	1160	4	881367456
190	742	3	891033841
255	984	1	883215902
121	121	2	891388501
330	584	3	876547220
37	56	5	880915810
325	179	5	891478529
265	472	3	875320542
266	874	2	892257101
316	213	5	880853516
80	87	4	887401307
251	55	3	886271856
338	211	4	879438092
342	1047	2	874984854
342	792	3	875318882
255	258	4	883215406
338	613	3	879438597
141	125	5	884585642
325	240	1	891479592
325	656	4	891478219
283	83	4	879298239
237	499	2	879376487
336	108	3	877757320
65	70	1	879216529
159	328	3	893255993
266	508	4	892258004
325	505	4	891478557
159	258	4	893255836
255	452	3	883216672
330	121	4	876544582
283	186	5	879298239
97	7	5	884238939
316	483	4	880853810
237	23	4	879376606
338	79	4	879438715
253	483	5	891628122
342	746	4	875320227
325	514	4	891478006
168	411	1	884288222
179	895	5	892151565
37	222	3	880915528
336	577	1	877757396
325	506	5	891478180
343	186	4	876407485
141	744	5	884584981
179	345	1	892151565
330	51	5	876546753
24	372	4	875323553
343	1107	3	876406977
343	55	3	876405129
330	215	5	876547925
179	315	5	892151202
304	298	5	884968415
141	222	4	884584865
251	257	3	886272378
37	79	4	880915810
163	56	4	891220097
121	174	3	891388063
150	127	5	878746889
343	44	3	876406640
316	50	1	880853654
251	109	4	886272547
225	136	5	879540707
31	135	4	881548030
338	168	3	879438225
343	135	5	876404568
24	662	5	875323440
283	70	4	879298206
304	681	2	884967167
233	958	5	875508372
31	705	5	881548110
233	48	5	877663184
273	328	3	891293048
141	932	3	884585128
342	764	1	875318762
179	354	4	892151331
155	294	3	879371194
251	258	3	886271496
316	549	5	880854049
86	286	3	879569555
86	319	3	879569555
342	288	5	875318267
141	472	5	884585274
141	535	5	884585195
342	591	3	875318629
343	82	5	876405735
343	569	3	876406421
343	47	4	876405130
17	1	4	885272579
343	371	2	876405893
155	328	2	879370860
273	345	3	891293108
190	282	3	891033773
343	712	4	876406391
343	375	2	876406978
265	328	4	875320084
336	619	3	877759833
316	735	4	880854337
24	129	3	875246185
251	121	4	886272118
233	174	5	877661553
237	1192	5	879376553
342	723	3	875319659
330	447	4	876546619
338	204	3	879438063
283	588	4	879297965
137	327	4	881432671
342	607	3	875318963
190	300	4	891033606
155	325	2	879371261
141	50	4	884584735
251	50	5	886272086
31	504	5	881548110
360	334	4	880353736
24	508	4	875323833
342	1007	4	874984507
360	116	3	880354275
237	28	4	879376435
179	305	4	892151270
342	132	5	875319129
355	300	4	879486529
342	25	2	875318328
155	319	3	879370963
338	310	3	879437522
357	284	4	878951691
17	237	2	885272628
361	273	3	879441215
330	596	5	876544690
283	627	4	879297966
336	13	3	877756890
153	678	2	881370935
192	127	4	881367456
330	465	5	876547250
361	222	2	879441253
361	387	3	879441008
357	222	5	878951498
357	928	4	878952041
86	872	3	879570366
360	238	4	880355845
367	1012	4	876689825
330	575	4	876547165
273	311	4	891292905
147	269	4	885593812
31	498	4	881548111
132	137	4	891278996
80	45	4	887401585
179	1316	3	892151489
316	1084	4	880853953
373	588	3	877098821
137	261	5	882805603
137	50	5	881432937
225	64	4	879539727
153	64	5	881371005
316	614	2	880854267
373	694	5	877098643
373	707	4	877100378
336	405	3	877760374
237	98	4	879376327
360	309	2	880354094
86	889	5	879570973
374	1047	3	880394179
304	322	4	884968415
355	310	4	879485423
265	409	3	875320462
283	42	5	879298333
361	26	3	879440941
283	24	4	879297867
336	202	1	877757909
374	126	3	880393223
367	250	5	876689824
336	864	1	877757837
361	275	4	879440694
373	724	5	877103935
338	604	4	879438326
153	22	2	881371140
367	246	4	876689612
336	395	2	877757094
153	127	3	881371140
273	902	5	891293008
273	900	3	891292873
373	598	3	877112076
137	222	5	881432908
304	275	4	884968264
361	652	4	879440346
374	685	4	880393307
374	231	2	880939228
289	473	1	876790576
336	571	1	877756999
304	288	3	884966696
80	58	4	887401677
86	300	3	879570277
374	591	4	880393095
304	682	3	884967520
373	139	3	877111422
61	342	2	892302309
374	129	5	880392846
373	154	5	877098919
373	2	4	877100416
361	148	1	879441324
66	117	3	883601787
374	356	3	880937876
281	989	2	881200789
374	977	1	883628189
283	216	4	879298206
336	117	3	877760603
361	949	4	879440774
373	849	3	877105005
361	1041	2	879441179
338	56	3	879438535
373	25	4	877100016
357	742	4	878951691
373	81	2	877100326
374	173	3	882158521
381	582	5	892696045
374	476	2	880394138
381	50	5	892696252
192	301	4	881366490
360	511	5	880355994
381	212	5	892696982
381	281	2	892696616
86	1175	5	879570973
361	238	4	879440475
265	181	2	875320180
31	493	5	881548110
338	511	4	879438473
374	162	2	880396511
385	1367	5	880879193
385	209	4	879441853
66	471	5	883601296
355	882	4	879486421
367	760	4	876690021
357	294	4	878951101
382	127	3	875945781
163	64	4	891220161
265	15	3	875320574
281	538	4	881200520
31	321	4	881547746
34	299	5	888602923
387	1166	3	886483939
385	606	4	879441599
360	14	5	880354149
360	134	5	880356025
387	56	5	886479649
364	690	4	875931309
265	742	5	875320542
381	647	4	892697133
385	221	5	881398053
361	498	4	879441416
385	524	5	880924359
387	218	3	886481687
387	180	4	886479737
357	7	3	878951537
360	195	3	880355715
266	272	4	892256705
265	125	4	875320516
80	269	3	883605009
387	514	3	886480515
37	24	4	880915674
385	4	2	879445260
225	143	2	879540748
387	199	4	886483858
273	690	4	891293008
385	367	4	879444640
387	414	4	886482969
381	191	5	892696757
80	194	3	887401763
387	692	1	886482928
281	877	4	881200643
31	514	5	881548030
61	1127	4	891206274
387	520	4	886480446
289	24	4	876790292
147	340	4	885593965
357	833	4	878952341
387	58	4	886484065
17	245	2	885166209
367	17	5	876689991
385	79	3	879441853
360	303	3	880353526
381	495	4	892696186
192	252	1	881368277
155	286	4	879370860
387	942	4	886483906
385	262	4	884153000
357	291	4	878952137
80	423	3	887401643
382	546	2	875946234
338	408	5	879438570
385	435	3	879443102
382	531	4	875946830
357	235	4	878951691
367	774	4	876690049
376	237	3	879459054
364	1048	5	875931585
357	258	4	878951101
360	237	4	880354484
66	597	3	883601456
360	735	5	880356059
163	98	4	891220196
80	699	3	887401533
382	276	3	875946029
385	340	4	879438647
225	172	5	879540748
381	378	4	892696019
381	771	2	892696557
367	441	3	876690049
163	234	3	891220137
398	514	4	875658794
357	125	5	878951784
397	7	5	885349913
147	751	2	885593965
66	280	4	883602044
382	25	2	875945880
382	171	3	875946639
398	227	2	875908666
398	181	4	875652318
289	1016	5	876789843
382	474	5	875947199
396	841	4	884646648
364	321	2	875931478
86	881	2	879570218
381	129	4	892697628
398	504	3	875722071
192	340	4	881366535
396	291	4	884646289
398	69	5	875659191
382	290	4	875946830
304	893	3	884967520
396	148	4	884646436
304	310	3	884966697
398	481	3	875659441
61	331	2	891206126
397	1019	3	885349715
225	418	5	879540650
266	124	4	892258004
402	257	4	876266701
384	272	5	891273509
395	151	3	883765297
192	1405	5	881367456
163	97	4	891220019
381	652	5	892696252
61	243	2	892331237
396	751	3	884645648
403	111	4	879785974
147	690	4	885593965
367	665	5	876689738
367	436	4	876689962
396	260	3	884645754
155	324	2	879370963
397	108	4	885350045
382	183	3	875946672
273	319	4	891292846
398	12	3	875658898
367	100	5	876689878
396	1025	4	884645839
132	275	3	891278915
384	355	4	891274055
153	321	3	881370900
281	938	2	881200789
364	289	3	875931432
406	48	5	879792811
402	111	4	876267041
406	479	4	879445771
225	492	4	879539767
17	125	1	885272538
147	345	4	885594040
192	302	5	881366489
225	1443	4	879540778
402	255	4	876266948
397	194	3	885349348
406	664	2	884630973
192	257	4	881367592
266	313	4	892256705
289	685	4	876789373
355	336	4	879486529
395	172	5	883763041
406	823	3	879540147
398	199	4	875721548
163	286	3	891219977
402	480	5	876267206
409	65	4	881108777
402	764	3	876266985
404	687	3	883790465
86	327	4	879570218
398	423	5	875659319
406	962	4	879445810
395	315	5	886480875
398	50	5	875652927
409	1295	1	881105367
409	1242	2	881106087
409	50	5	881107281
406	239	3	880131608
409	223	4	881107539
413	222	4	879969709
409	48	2	881108455
406	156	5	879446062
403	121	5	879786221
397	988	1	875063722
384	689	4	891274232
406	318	5	879792811
376	269	5	879454598
367	334	4	876689364
409	288	1	881104647
406	496	4	879445378
406	605	5	882480749
409	200	2	881109175
406	85	2	880131875
409	99	3	881107750
153	56	5	881371140
376	289	3	879433599
382	475	3	875946103
402	16	3	876267096
398	520	5	875717106
404	333	2	883790286
409	197	3	881109215
34	245	4	888602923
413	271	4	879969027
266	283	3	892257897
376	275	5	879455143
412	318	5	879716918
404	269	4	883790750
409	497	3	881168631
397	1018	4	882839517
289	405	2	876790576
397	178	5	885349759
397	221	4	885349348
412	218	3	879717147
382	98	3	875946563
86	879	2	879570149
163	318	4	891220161
413	306	4	879968793
163	216	3	891220196
412	28	4	879716962
420	331	3	891357271
413	124	5	879969734
412	202	3	879717016
412	175	4	879717286
397	334	3	885349348
395	632	5	883764845
425	271	5	890346597
419	1451	4	879435722
396	678	3	884645838
397	325	3	882838853
425	424	2	878738956
364	288	4	875931432
425	748	3	890346567
423	744	4	891395655
425	191	3	878738186
413	297	5	879969484
273	321	4	891293048
376	762	4	879459207
402	7	4	876267068
132	124	4	891278996
273	303	4	891293048
425	227	4	878738597
412	427	4	879717016
412	92	3	879717449
402	127	5	876267014
412	436	4	879717649
397	1298	3	885350543
423	237	4	891395448
423	315	4	891395141
376	14	4	879454914
420	19	3	891356927
153	216	2	881371032
404	327	2	883790366
404	748	4	883790430
402	126	4	876266741
432	222	4	889416012
281	258	2	881200457
425	39	4	878738335
395	174	5	883763561
425	185	2	878738853
432	295	3	889416352
402	234	4	876266826
426	480	5	879444473
153	323	2	881370900
432	620	4	889416352
425	318	2	878737841
430	10	4	877225726
396	274	4	884646263
426	603	5	879444472
402	151	5	876266984
432	742	4	889415983
34	332	5	888602742
437	165	4	881002324
432	111	4	889416456
426	493	4	879444473
426	504	4	879442083
419	705	5	879435663
404	892	2	883790550
438	476	5	879868664
437	1121	5	880140466
437	708	4	881002026
423	272	5	891394503
437	1404	2	881002263
437	190	3	880140154
413	255	3	879969791
437	419	5	880141961
442	401	2	883388960
437	14	5	880140369
281	322	4	881200789
404	294	4	883790430
432	237	5	889415983
423	310	3	891394558
437	655	4	881001945
442	385	3	883390416
426	1116	4	879444251
442	31	3	883391249
442	182	4	883390284
426	608	4	879444081
423	323	3	891395047
445	597	1	891200320
425	183	3	878738486
445	195	2	890987655
426	633	4	879444816
225	245	2	879539315
396	106	4	884646537
412	4	3	879717253
430	527	4	877226209
425	825	2	878738643
432	50	5	889416012
442	54	3	883391274
445	410	1	891200164
153	510	3	881371198
396	930	3	884646467
438	1028	2	879868529
281	682	3	881200519
395	365	5	883766403
437	1262	3	881002091
442	98	4	883389983
425	38	3	878738757
86	288	3	879570218
395	121	3	883765731
437	173	4	881001023
445	823	1	891200624
437	755	3	880143450
420	283	5	891357162
412	135	4	879717621
423	258	5	891394747
376	98	5	879454598
132	154	4	891278996
432	411	3	889416044
426	614	4	879444604
445	628	1	891200137
445	919	1	891200233
396	328	4	884645813
404	313	5	883790181
430	656	4	877226365
413	628	4	879969791
395	892	3	883762681
442	554	2	883390641
445	204	3	890988205
445	1591	4	891199360
426	211	4	879444320
384	343	3	891273716
395	255	3	883765731
34	329	5	888602808
445	408	3	891199749
163	347	4	891219976
432	274	3	889416229
155	292	3	879371061
395	924	4	883765156
419	173	5	879435628
442	14	1	883389776
376	274	3	879459115
442	39	3	883390466
442	229	3	883391275
442	452	3	883390169
423	1134	4	891395684
413	260	1	879969148
454	493	2	888267617
454	1063	4	881960029
413	301	3	879968794
412	173	5	879717649
355	307	4	879486422
445	123	1	891200137
432	546	3	889416657
454	182	3	888266685
454	418	3	888267128
455	135	5	879111248
438	15	4	879868242
17	744	3	885272606
413	7	3	879969614
445	12	2	890987617
403	258	4	879785703
454	633	2	881959745
454	181	3	881959187
448	1294	1	891887161
432	1047	5	889416118
423	269	3	891394558
423	15	4	891395573
448	360	4	891887338
423	348	3	891394910
395	64	5	883763958
61	347	5	892302120
455	629	3	879111371
273	305	4	891292905
448	262	4	891888042
457	182	4	882396659
454	161	4	888267198
456	175	3	881372946
426	429	5	879444081
420	302	4	891356790
426	486	3	879444604
34	286	5	888602513
458	1101	4	886397931
430	129	5	877225547
355	872	4	879486529
458	144	4	886396390
456	715	3	881373697
457	704	4	882397240
455	293	4	879109110
364	269	4	875931309
457	636	4	882548466
454	487	4	888266565
454	484	3	881960445
457	443	4	882396989
457	775	3	882551021
457	192	5	882395018
454	87	4	881960296
384	347	4	891273509
455	755	3	879112189
457	708	4	882398002
458	648	4	886395899
456	943	4	881372946
454	1299	2	888266991
455	282	3	879109664
438	50	5	879868005
384	748	4	891274028
456	294	1	881375667
457	366	4	882549287
438	9	4	879868005
404	328	4	883790749
457	500	5	882553112
457	243	2	882393104
457	527	5	882553113
364	875	3	875931585
438	321	5	879867960
468	926	2	875280331
355	358	4	879485523
273	315	4	891292846
458	191	5	886396192
466	308	1	890282957
17	117	3	885272724
355	242	4	879486529
404	342	3	883790750
430	253	1	877225484
468	461	4	875291570
456	448	3	881374586
430	237	5	877225965
458	318	4	886397771
468	642	3	875291403
413	326	3	879969027
17	150	5	885272654
430	547	2	877226365
456	662	4	881374710
458	387	4	886398246
420	137	4	891357104
456	210	3	881374849
376	197	4	879454598
430	234	4	877226323
456	274	3	881371977
281	288	4	881200264
466	354	2	890282795
455	738	3	879112238
456	187	4	881372911
403	546	3	879786221
456	1248	3	881374767
455	724	3	879111500
456	979	3	881371694
403	925	4	879790468
403	148	5	879786351
464	289	4	878354626
466	181	4	890284857
419	488	5	879435722
458	530	4	886396005
403	181	4	879785916
478	143	5	889396797
473	273	5	878157329
458	178	4	886398187
466	188	3	890284766
466	265	3	890285159
376	663	3	879434750
464	678	3	878354722
455	56	5	879110844
266	268	4	892256828
458	319	4	889323714
455	20	3	879109594
438	269	4	879867960
364	988	2	875931561
468	39	3	875296309
478	122	2	889397778
455	334	3	892230883
455	531	3	879111291
466	128	2	890284819
147	313	4	885593965
480	190	5	891208265
384	989	4	891273905
458	496	3	886398289
479	680	3	887064404
403	7	5	879785867
419	306	5	879435242
458	174	3	886397109
478	318	5	889389232
464	269	5	878354626
430	744	3	877225965
479	228	4	879461060
403	123	3	879786112
468	1008	4	875283843
468	209	5	875296309
448	269	5	891887338
479	931	2	879460681
480	175	3	891208356
480	183	4	891208651
403	866	4	879786294
448	292	4	891888178
468	69	4	875291570
464	482	5	878355258
466	349	2	890283636
430	436	4	877226365
153	294	2	881370859
464	358	3	878354680
481	318	1	885828807
61	304	4	891220884
473	813	3	878157427
468	544	3	875280417
468	405	2	875280462
492	1021	3	879969415
464	300	4	878354626
478	151	5	889388038
479	28	4	879461800
404	243	3	883790465
493	222	3	884130416
468	742	3	875280310
281	333	3	881200457
403	127	4	879786221
468	507	5	875295412
419	286	4	879435190
492	318	5	879969878
478	684	4	889396531
384	878	4	891274962
266	285	4	892257940
132	56	5	891278996
478	673	3	889395696
493	284	4	884130619
376	514	4	879434613
478	50	3	889396509
438	237	5	879868278
34	1024	5	888602618
479	168	5	889126007
494	64	5	879541207
464	328	3	878354722
420	319	4	891357188
430	9	3	877225726
384	328	4	891274091
477	815	5	875941763
493	762	4	884130439
481	210	4	885828165
479	174	5	889125837
493	69	5	884130995
493	751	5	884129793
464	709	5	878355258
473	1129	4	878157507
473	257	4	878157456
479	325	1	879459791
493	61	4	884131263
478	282	3	889398216
479	248	4	879460192
384	271	4	891283502
479	528	4	879461060
419	223	4	879435785
420	753	5	891356864
466	321	2	890282986
499	511	5	885599227
499	210	3	885599201
493	252	4	884130619
481	1089	3	885828072
477	280	4	875941022
61	258	4	891206125
493	431	5	884132037
493	121	5	884131690
364	294	5	875931432
479	135	4	879461255
492	492	4	879969512
493	82	5	884132058
420	275	5	891357071
464	333	4	878354761
480	203	4	891208520
420	251	5	891357070
466	331	5	890284231
493	100	5	884130308
499	664	3	885599334
419	514	4	879435785
438	121	5	879868328
479	55	4	879461207
494	183	5	879541158
504	163	4	887840517
481	66	3	885828203
355	264	4	879485760
478	276	5	889388862
478	866	1	889388273
499	312	4	882995923
505	193	3	889334477
466	172	4	890284706
466	566	3	890284819
499	347	4	885597932
448	303	4	891887161
504	546	4	887831947
355	360	4	879486422
505	140	4	889334129
448	884	4	891889281
448	896	5	891887216
419	257	4	879435503
499	181	3	885598827
499	514	5	885599334
505	989	1	888631438
448	268	3	891888367
478	354	3	889397221
464	194	5	878355259
505	591	4	889333676
504	66	4	887839165
480	172	3	891208492
505	99	4	889333313
507	343	5	889964074
499	238	2	885599498
477	781	4	875941191
504	179	1	887839165
504	807	4	887839081
505	713	3	889334217
355	271	3	879486422
504	72	4	887840134
504	678	4	887831115
504	1263	4	887909532
477	709	5	875941763
480	615	4	891208185
266	25	3	892257940
504	581	4	887910623
438	181	4	879868005
499	482	2	885599182
438	118	4	879868529
384	316	5	891274055
505	245	4	888631349
515	344	2	887660131
515	362	4	887658844
475	286	2	891451276
504	370	3	887832268
523	114	5	883701800
505	748	1	888631208
504	1437	2	887911545
515	313	4	887658604
477	15	4	875941863
475	100	5	891452276
505	498	5	889334274
499	661	3	885599474
448	316	1	891887337
509	319	2	883590913
494	237	4	879541375
499	215	4	885599475
473	547	3	878157600
473	10	3	878157527
505	187	1	889333676
494	1	3	879541374
132	175	3	891278807
505	468	4	889334096
494	199	4	879541158
481	313	4	885827861
521	81	1	885253861
163	433	1	891220137
475	347	4	891451341
492	483	2	879969210
480	174	5	891208356
419	181	4	879435807
523	382	5	883701018
523	153	4	883702054
480	483	3	891208293
515	690	2	887660131
492	127	5	879969879
480	234	4	891208769
494	191	4	879541158
507	338	5	889964348
266	286	4	892256662
477	88	5	875941085
464	705	5	878355258
419	89	3	879435722
480	319	3	891207539
517	284	2	892659923
509	50	5	883591878
507	826	5	889966127
507	1034	5	889966127
521	1016	3	884476002
473	276	4	878157404
509	288	5	883590443
473	508	2	878157456
521	179	4	885253708
523	662	4	883703070
521	156	4	884478171
473	293	4	878157507
448	900	3	891887393
521	69	3	884477727
536	174	5	882359065
523	186	3	883703495
480	347	3	891207605
507	117	3	889965997
492	124	4	879969345
473	1142	5	878157299
517	300	5	892660728
420	288	3	891357271
536	274	4	882318394
507	323	5	889964809
523	154	4	883702125
481	42	3	885828426
538	164	3	877108631
515	288	4	887658604
492	97	3	879969210
509	680	1	883591252
481	596	4	885828773
473	268	5	878156932
477	255	5	875941763
523	516	5	883702863
521	153	4	884478086
521	100	3	884475872
523	242	5	883699464
521	230	3	885254250
494	107	4	879541405
545	554	3	879899497
521	288	3	884475470
494	194	4	879541298
545	132	4	884134519
536	2	4	882360227
545	222	4	879899157
481	524	5	885829045
521	72	3	885254323
132	523	4	891278996
543	210	3	875721967
548	273	5	891044411
548	690	3	891042475
507	682	5	889964620
548	636	4	891044538
523	393	5	883702411
492	511	5	879969879
548	276	3	891415512
545	399	4	879900794
522	100	5	876960824
521	241	4	885254006
522	96	3	876961076
517	1016	1	892607194
132	12	4	891278867
551	684	5	892783212
538	963	4	877363775
494	126	4	879541476
551	578	5	892784672
494	50	5	879541246
492	185	3	879969512
515	292	3	887659805
551	756	1	892784437
543	135	5	875667109
543	982	3	877452676
481	507	4	885828773
543	83	4	877547441
548	322	4	891043509
543	95	3	874865728
523	83	5	883700870
551	405	3	892783612
364	262	3	875931432
548	264	4	891043547
553	505	5	879949107
545	210	5	879899158
543	79	4	877545356
494	748	1	879540720
551	552	3	892784259
551	13	1	892783411
545	101	4	879901538
538	202	4	877108250
507	892	5	889964809
545	73	4	879900121
492	86	3	879969454
553	511	5	879948869
132	127	4	891278937
536	143	5	882360425
550	259	2	883426119
492	64	4	879969539
515	329	2	887660131
559	524	3	891035917
550	405	4	883426027
551	690	5	892775584
523	549	4	883703144
515	893	1	887660131
551	365	5	892784524
553	182	3	879949290
553	523	4	879948508
551	864	5	892785091
553	22	5	879949324
548	248	4	891043852
551	286	4	892775466
551	458	2	892784166
536	230	5	882359779
536	204	4	882359938
545	710	3	879900227
545	228	5	879899266
481	435	5	885828510
553	1451	4	879949212
545	25	2	880348933
548	1051	4	891415677
509	751	3	883590443
536	441	2	882361018
543	199	4	875663056
538	191	5	877106665
545	524	4	879900185
536	70	2	882359906
548	118	5	891415855
553	434	3	879948771
481	514	4	885829045
538	237	4	877109986
538	496	5	877107491
550	892	2	883426119
548	887	4	891043442
543	694	4	874862966
515	243	3	887659667
557	262	2	882458820
557	166	4	881179397
536	727	3	882359697
548	458	3	891415512
543	179	4	874862879
559	902	4	891035111
536	265	5	882360300
573	194	4	885844431
507	147	5	889965997
549	866	4	881672573
567	1019	5	882425874
567	636	4	882427155
569	111	3	879793948
562	443	5	879196604
538	211	4	877109986
536	603	4	882359653
543	513	4	874863035
557	294	3	880484929
567	252	1	882427384
567	482	5	882425966
543	1262	2	876382812
567	615	4	882425932
550	255	3	883425388
573	143	2	885844339
573	192	4	885844535
573	127	4	885843596
553	478	4	879948964
567	613	4	882426927
553	482	4	879948831
579	1	4	880951740
517	283	4	892660728
567	302	4	882426300
538	195	4	877108919
507	245	5	889964809
538	956	3	877107914
569	222	3	879794265
555	168	4	879975419
562	56	1	879195156
573	661	4	885844431
553	427	5	879948508
562	636	2	879195007
557	8	5	881179653
567	7	4	882426622
509	310	1	883590443
517	873	3	892660034
559	188	5	891034609
557	257	2	880485764
538	405	3	877109564
587	995	3	892871503
569	1	4	879793399
553	131	5	879948655
569	3	1	879795551
567	1131	4	882426601
557	508	4	880485956
567	1204	5	882427023
569	283	4	879793847
586	628	3	884064631
587	748	1	892871438
562	462	5	879196074
559	73	4	891035812
522	523	5	876961133
550	323	5	883425465
517	111	3	892659922
549	50	5	881672199
567	221	5	882426927
569	25	4	879793785
586	665	3	884061256
538	98	5	877107012
507	827	5	889966088
587	327	3	892871252
132	484	4	891278807
582	948	1	882960718
509	300	3	883590800
420	475	4	891357162
579	845	4	880952549
587	881	2	892871641
475	316	5	891627927
581	50	4	879641698
587	875	1	892871462
587	349	3	892871400
555	87	4	879975505
592	418	4	882956551
592	124	5	882607986
592	50	5	882607872
586	148	3	884065745
550	993	4	883425426
592	204	5	882956158
582	246	4	882961082
586	39	4	884061623
555	480	4	879975474
579	83	5	880952360
549	252	3	881672538
592	297	5	882607844
515	315	4	887658604
509	260	2	883591195
579	528	4	880951708
592	79	4	882955583
586	756	1	884067105
364	319	3	875931309
592	969	4	882956718
586	559	5	884060807
583	83	4	879384338
569	126	5	879793909
517	369	5	892660727
522	173	4	876961020
569	924	3	879793784
592	20	4	882608315
599	682	4	880951079
587	879	1	892871536
550	300	4	883425652
589	313	5	883352434
594	237	3	874784095
586	203	3	884059027
589	268	1	883352463
601	324	4	876346383
592	433	5	882956761
605	127	5	879366240
579	179	3	880952038
592	323	1	882607690
592	336	1	882607476
586	281	3	884062405
569	50	5	879793717
562	114	1	879195156
517	269	3	892659922
509	879	1	883590913
559	204	3	891035708
562	191	5	879196176
579	1074	3	880952579
573	427	4	885844091
559	514	4	891035633
583	663	4	879384338
582	250	3	882961000
586	219	3	884060705
559	294	1	891035519
579	168	4	880952142
555	1054	3	879964335
601	1073	2	876350230
555	546	3	879962551
601	181	5	876347039
607	487	4	883879213
569	151	5	879793948
586	187	4	884058566
601	834	1	876348381
589	288	5	883352536
589	340	1	883352494
605	527	4	879424429
579	89	3	880952102
589	289	3	883352679
581	919	5	879643155
569	248	4	879793741
601	419	4	876351263
587	347	3	892871223
509	687	1	883591489
522	79	3	876960824
573	211	5	885843964
607	529	4	883880027
605	531	4	879424583
601	699	3	876350812
610	315	4	888702764
607	107	4	883879756
611	300	5	891636244
594	744	3	874783298
559	435	2	891035781
515	271	4	887658844
583	209	4	879384404
557	343	4	881095995
582	750	5	882960418
594	222	4	874783052
586	1407	3	884063080
562	720	4	879196483
614	126	4	879464183
615	735	3	879448823
550	254	1	883426119
610	11	4	888703432
587	261	3	892871438
615	517	5	879449068
599	282	5	880951657
573	478	4	885844674
615	170	4	879447895
599	873	5	880951174
589	995	1	883352562
583	265	4	879384522
573	69	4	885844091
620	71	5	889988005
614	287	3	879464456
589	327	3	883352535
610	751	4	888702795
611	350	4	891636399
583	12	5	879384522
559	4	4	891035876
550	846	2	883426119
562	480	4	879195126
579	98	4	880951804
509	258	4	883590526
557	254	4	880485908
614	25	1	879464376
613	258	5	891227365
559	315	5	891033635
601	623	1	876349897
557	271	4	881179557
601	176	2	876348820
615	1021	5	879448119
615	886	2	879447692
620	444	3	889987682
582	258	4	882960396
573	480	4	885844481
579	328	3	880951444
615	87	4	879448780
601	174	4	876348572
607	86	4	883880079
557	127	4	880485718
624	471	4	879792493
475	313	2	891451083
612	926	2	875324789
624	278	4	879793545
605	601	5	879426339
594	286	3	875917841
620	1043	4	889988340
615	1192	4	879448715
562	418	5	879195738
601	257	2	876347224
579	655	3	880952201
620	930	2	889987875
559	191	5	891034139
582	826	3	882962652
475	259	5	891628024
623	50	5	891035112
623	275	5	891035112
601	276	4	876346890
625	748	3	891262561
615	259	1	879447642
589	678	4	883352735
614	117	3	879464352
477	25	5	875940755
517	597	4	892660034
629	284	4	880117719
583	268	5	879384094
555	249	4	879963127
589	259	5	883352631
562	501	5	879196653
610	483	5	888702859
605	137	5	879425432
605	180	4	879424315
555	236	5	879962769
555	489	5	879975455
605	582	4	879424661
615	289	2	879447670
582	222	4	882961804
625	739	3	891263665
614	100	5	879464119
517	275	5	892660728
599	471	4	880953441
605	284	2	880762139
624	864	3	879793198
605	15	5	879427151
620	268	4	889986452
557	872	5	881095916
583	239	2	879384522
623	523	4	891034756
620	565	4	889987682
562	197	4	879196105
522	318	4	876961248
581	847	3	879641787
615	644	4	879448599
620	465	4	889988232
573	205	3	885844674
620	768	5	889988069
555	7	4	879962172
522	133	3	876961314
555	285	5	879963127
624	50	5	879792581
615	179	4	879447968
625	172	4	891263057
639	88	3	891239638
624	346	3	885215462
624	271	3	879791884
599	1152	4	880951623
639	242	4	891238514
620	294	5	889986557
587	303	4	892871068
589	895	5	883352562
614	411	3	879465452
475	381	4	891627606
620	101	2	889988069
620	121	5	889987825
637	100	4	882902924
624	262	4	891961078
637	690	5	882900888
612	878	2	875324400
610	216	4	888703291
587	272	5	892870956
599	120	3	880953441
623	815	2	891034053
624	748	3	879792109
517	50	5	892660727
613	303	4	891227111
612	1063	5	875325049
623	642	3	891034472
638	194	3	876695774
635	873	3	878878752
625	96	5	892000372
635	294	3	878878588
599	1095	4	880952316
624	742	4	879793093
625	258	4	891262561
629	58	4	880117215
589	307	1	883352402
607	528	4	883879556
522	128	4	876961133
599	934	3	880953441
638	183	4	876694704
610	527	4	888703801
550	538	5	883425812
625	151	3	891999874
550	310	5	883425627
635	300	3	878879107
639	488	4	891240160
624	272	5	885215463
624	952	3	879793129
638	472	3	876695307
639	306	4	891238550
605	174	3	879424743
625	428	5	891953755
612	9	3	875324876
639	58	3	891239296
599	928	4	880953441
625	692	3	892000518
637	829	2	882905070
638	50	4	876694704
639	170	4	891239790
599	988	4	880951211
612	924	5	875324710
549	288	4	881672605
639	487	5	891240566
637	831	1	882904961
629	9	4	880117485
594	14	4	874781173
639	462	5	891239838
639	659	3	891240111
605	754	3	879425457
639	709	3	891239581
639	553	3	891240868
637	595	3	882904537
555	326	4	879962096
623	204	5	891035112
637	280	2	882904679
638	410	4	876695774
629	528	5	880117395
625	602	3	891263057
629	1109	4	880117813
549	225	3	881672804
611	303	3	891636073
582	288	3	882960396
638	127	2	876694861
610	1558	3	888703475
475	315	4	891452177
607	847	4	883879638
638	161	4	876695307
637	363	2	882904148
583	198	4	879384404
629	187	5	880117031
614	9	4	879464063
610	568	4	888703648
638	554	3	876695059
477	724	4	875941086
625	166	3	891960843
610	402	5	888704000
625	209	3	891262633
612	322	3	875324294
614	281	3	879464308
549	678	3	881671982
607	382	3	883880110
614	288	2	879463630
477	36	4	875941224
582	93	5	882960844
637	332	4	882900888
612	15	4	875324455
610	489	4	888703343
635	269	5	878878587
582	124	4	882961082
477	289	5	875941793
623	692	3	891034951
610	97	3	888703453
638	172	4	876694787
629	162	5	880117361
638	181	5	876694787
623	483	5	891035112
629	269	3	880115840
599	237	5	880951595
629	332	4	880116722
614	546	1	879463965
629	204	5	880117285
582	181	4	882961301
629	463	4	880117852
623	629	3	891034973
635	748	2	878878838
522	430	5	876961314
638	144	5	876694861
637	1374	1	882903447
594	126	3	874781173
614	1009	3	879464119
623	88	4	891034973
637	111	3	882903645
667	234	2	891034730
667	285	5	891034810
549	1047	3	881672700
667	223	5	891034767
668	345	2	890349041
637	985	2	882905284
673	294	4	888787376
667	301	1	891034513
671	947	3	884035775
668	231	2	881605433
583	276	4	879384338
668	307	4	881523762
623	234	4	891034343
613	471	3	891227410
607	180	4	883879556
549	515	5	881672276
667	435	3	891035104
522	179	5	876961190
583	175	5	879384471
581	100	5	879641603
668	258	2	881523929
671	250	5	875389187
613	64	5	891227204
673	288	4	888787423
685	269	3	879451401
673	269	4	888786942
683	1483	3	893286346
668	554	3	881702723
683	248	4	893286603
607	121	2	883879811
692	56	3	876953204
671	385	5	884035892
673	344	5	888787376
686	28	4	879546147
667	651	5	891034767
668	294	3	890349076
668	403	4	881605433
686	98	5	879546651
686	474	5	879545413
685	286	1	879447443
671	204	5	884204510
673	303	5	888787376
581	813	5	879641603
697	294	4	882621569
667	124	5	891035164
522	654	4	876960824
683	895	2	893284138
667	316	4	891034584
685	302	3	879451401
697	713	5	882622505
670	482	5	877975285
685	991	1	879451282
686	425	5	879546651
692	1023	2	876954083
635	13	2	878879164
683	268	4	893286261
705	1043	5	883427857
705	578	3	883428276
611	896	3	891636152
670	651	4	877975070
701	285	5	891447139
671	233	4	883547351
671	581	2	884035173
692	285	3	876953204
671	23	4	883547351
692	692	3	876953130
671	188	2	884035992
685	319	2	879451401
697	331	3	882621431
686	187	5	879545481
685	340	2	879451401
692	287	3	876953130
687	245	3	884652276
695	300	1	888805767
697	298	4	882621940
683	511	5	893286207
705	58	2	883518834
697	301	5	882621523
671	748	3	875386402
583	7	5	879384471
607	45	4	883880079
686	180	5	879546147
670	945	4	877975285
709	219	4	879848120
686	172	4	879545181
705	827	4	883427297
705	400	4	883427817
671	628	3	883950232
671	53	3	884034800
709	564	1	879848318
635	301	3	878878587
709	64	5	879846293
709	769	3	879848239
667	318	5	891034976
581	181	3	879641787
705	298	5	883426892
705	622	4	883427778
686	504	5	879545662
686	357	5	879545549
612	237	3	875324455
683	264	2	893283997
673	347	4	888787290
683	286	2	893282977
549	472	3	881672408
695	307	4	888806120
701	316	5	891446857
668	286	4	881523612
667	1101	3	891035015
613	28	3	891227262
668	354	4	890349060
594	988	2	874780945
697	273	5	882622481
670	615	3	877974605
678	111	4	879544397
673	311	4	888787396
686	204	4	879546553
683	748	3	893286347
667	186	4	891035033
670	228	5	877975344
719	673	3	879360965
683	313	2	893282664
705	196	4	883518903
702	346	1	885767306
686	185	5	879545603
709	227	2	879848551
714	282	4	892777903
697	150	5	882622127
709	195	5	879848432
697	333	3	882621431
719	659	4	879373935
612	118	3	875324947
678	181	3	879544450
709	561	3	879848209
635	875	2	878878838
581	283	2	879642274
705	427	2	883518783
722	546	3	891280866
635	262	5	878878654
697	302	5	882621460
670	650	2	877975200
724	305	3	883757259
727	123	3	883709402
705	560	2	883427951
709	29	3	879848695
709	22	5	879847946
701	297	4	891447197
719	291	3	884900301
709	823	3	879849573
727	678	3	883708229
705	265	5	883428154
727	441	2	883711924
727	117	3	883708660
697	683	1	882621813
727	181	3	883708750
720	872	3	891262780
727	105	1	883709884
727	720	2	883712037
727	1119	3	883711923
613	127	4	891227204
727	68	4	883710347
724	342	3	883757874
727	125	4	883710598
722	124	4	891280842
611	333	4	891636073
683	350	2	893284184
581	9	5	879641787
702	294	1	885767555
727	367	3	883712430
581	221	2	879642274
703	293	4	875242990
714	252	3	892777619
709	28	5	879847946
695	882	4	888805836
719	126	2	884900234
719	66	3	888454637
594	181	3	874781076
720	258	4	891262762
607	485	3	883879442
701	304	4	891446679
695	338	2	888806270
635	886	4	878878901
611	344	5	891636073
703	294	2	875242281
697	1059	2	882622208
742	258	5	881005590
683	321	5	893286207
687	336	2	884652144
733	10	3	879535559
685	334	1	879451168
735	1	4	876698796
613	126	5	891227338
695	301	3	888806120
748	154	3	879454602
724	311	1	883757597
735	258	4	876697561
748	528	3	879454880
731	197	5	886185743
611	751	4	891636098
692	1040	2	876954021
701	100	5	891447139
549	100	4	881672333
733	253	3	879535407
719	50	2	879358671
735	741	2	876698796
581	224	4	879641698
701	255	3	891447164
748	748	4	879454208
673	750	5	888786969
692	756	2	876953681
719	281	3	888897264
714	181	5	892777876
724	937	3	883757670
722	118	4	891281349
692	100	4	876953482
733	147	1	879535938
733	676	4	879535603
714	255	2	892777140
702	228	5	885767774
756	63	3	874830908
757	399	3	888466782
703	7	4	875242599
756	367	4	874827614
549	127	5	881672441
594	50	3	874783018
635	276	3	878879257
611	286	5	891636244
692	321	3	876946833
733	294	2	879536001
757	196	4	888445604
757	71	4	888445838
756	603	5	874831383
724	877	1	883757834
756	527	3	874828242
668	29	3	881605433
678	7	4	879544952
703	117	4	875242814
668	333	3	881524020
611	299	1	891636223
714	121	4	892777903
758	347	3	885257453
742	109	1	881335960
733	1009	2	879536723
748	22	4	879455126
594	319	3	874780864
678	924	2	879544397
758	135	5	881974742
731	378	1	886187652
724	266	1	883758119
670	15	4	877975200
701	315	5	891446559
731	168	1	886185744
758	298	4	880672727
714	597	3	892777533
719	223	5	879360442
757	161	3	888468909
720	304	4	891262697
757	100	3	888444056
692	412	4	876954196
758	517	3	881976377
758	127	5	880672637
722	300	3	891279945
703	458	3	875242935
758	258	4	880672230
611	268	5	891636192
756	99	3	874829258
757	7	4	888444826
758	272	4	884413293
733	1129	4	879535338
731	510	1	886186091
758	597	2	881978805
731	192	5	886182457
758	235	5	881978274
735	9	4	876698755
753	673	1	891402379
757	569	3	888467400
763	28	3	878915765
758	587	4	881978635
767	1068	4	891462829
763	588	4	878918213
757	651	4	888445279
767	486	4	891462560
769	269	5	885422510
720	995	4	891262762
758	810	3	881980195
731	183	1	886185744
756	550	2	874829152
719	660	5	879360493
702	313	5	885767336
701	333	3	891446788
755	319	3	882569801
753	79	4	891401665
731	357	5	886187538
768	173	5	883835053
695	319	5	888806056
724	690	1	883757468
714	477	2	892777408
763	88	4	878918486
757	226	3	888467038
765	285	5	880346694
772	312	4	889028941
756	117	4	874828826
756	178	5	874831383
720	906	4	891262697
731	487	4	886184682
748	48	4	879455083
733	1142	4	879535694
767	478	4	891463095
733	288	2	879535694
724	909	1	883758208
763	200	4	878915015
722	122	3	891281655
761	278	4	876190370
757	771	2	888467160
765	237	3	880346797
763	1	4	878915559
687	749	4	884651746
761	289	2	876189871
755	294	3	882569574
719	392	4	879360846
611	313	3	891636125
777	286	2	875979137
757	678	2	888443531
776	422	2	892210688
731	393	5	886183978
724	299	1	883758119
777	168	5	875980492
733	847	3	879535471
756	404	3	874830908
719	742	4	879358893
761	147	4	876190370
761	294	3	876189664
714	871	3	892777903
765	15	2	880346491
761	924	4	876190723
613	1	4	891227410
763	960	4	878915958
756	398	3	874831050
776	769	3	892920446
722	7	4	891280842
731	216	5	886184682
778	94	2	891233603
763	367	3	878918871
761	1197	3	876190025
722	237	4	891280988
778	78	1	890803860
748	71	3	879454546
612	604	4	875325256
687	678	4	884652482
748	496	4	879454455
768	282	4	880135987
720	306	4	891262635
724	300	3	883757468
770	477	4	875972259
777	153	1	875980541
724	1176	1	883757397
722	412	2	891281679
770	301	4	875971703
776	672	3	892920381
756	122	1	874831227
702	259	3	885767604
731	205	1	886187652
720	345	2	891262762
772	898	3	889028941
581	1375	5	879641787
695	313	2	888805836
670	174	4	877975344
770	875	4	875971612
701	750	5	891446588
733	293	4	879535559
748	8	4	879455126
777	357	5	875980235
768	278	2	883835210
755	875	1	882570023
778	7	4	890725886
703	147	3	875243049
714	237	3	892776261
776	234	5	892920290
763	286	4	878914901
770	508	5	875972322
703	257	5	875242990
720	315	4	891262608
695	260	4	888806150
776	485	2	891628656
695	1024	5	888805913
767	207	5	891462759
720	1062	5	891262812
613	509	4	891227236
768	340	2	879523820
748	174	5	879454405
778	1273	3	890726925
735	744	3	876698714
687	340	4	884651894
796	1074	1	893047691
767	98	5	891462560
761	214	1	876190510
755	689	3	882570077
763	238	4	878915559
795	172	3	880570209
795	117	4	880558122
793	276	3	875103971
793	1067	4	875103875
795	367	3	883252202
796	401	3	893219427
796	184	1	892761544
748	228	3	879454687
761	546	5	876190468
761	148	5	876189829
735	333	4	876697647
703	275	4	875242663
777	100	1	875979380
742	321	3	881005611
735	276	4	876698796
796	418	4	893218933
742	117	2	881335528
714	472	2	892777730
703	258	4	875242076
796	229	3	893048471
777	1	4	875979431
796	679	4	893048471
796	87	5	893218728
735	690	4	876697561
795	1036	2	883255578
755	690	5	882569574
714	289	3	892778092
695	995	4	888806150
795	636	3	883253661
767	187	4	891462658
748	678	2	879454233
796	1042	4	893194740
796	159	3	893194685
670	232	3	877975448
796	540	2	893048672
475	902	5	891451402
796	527	3	892675654
735	813	4	876698570
793	298	4	875103971
763	210	3	878915015
735	628	3	876698755
770	1	5	875972219
777	216	4	875980597
763	11	4	878918333
735	25	4	876698684
777	690	4	875979137
776	442	2	892920480
768	65	4	887305100
793	121	3	875104193
795	100	5	880555946
720	269	3	891262608
753	898	4	891400364
772	879	4	877533731
685	325	3	879451401
702	288	1	885767306
685	327	2	879451234
613	194	5	891227299
776	168	5	891628656
670	480	5	877975017
767	495	4	891463095
795	502	3	883251421
753	515	5	891401712
687	264	3	884652197
768	1016	2	883834814
769	15	3	885423824
776	496	3	891628708
687	319	4	884652276
475	70	4	891627606
755	304	4	882569881
793	824	3	875104000
777	56	5	875980670
695	346	5	888806011
755	269	5	882569604
768	756	3	883835053
797	307	2	879439190
776	127	5	891628731
475	50	5	891627857
809	678	2	891037172
809	289	1	891037020
778	265	4	890726003
795	4	4	881253238
670	98	2	877975731
770	255	4	875972099
795	235	3	880560263
768	845	2	880135875
795	407	3	880560679
673	328	4	888787355
793	294	5	875103584
761	678	2	876189689
742	181	3	881335281
753	96	1	891401366
776	436	4	892920350
768	117	4	883834981
702	300	3	885767461
768	257	4	880136012
720	749	3	891262812
772	326	4	877533625
795	186	3	883249522
776	164	3	892920290
809	272	5	891036743
768	70	4	888798611
769	546	4	885424242
825	111	3	892947930
770	118	4	875973080
769	934	4	885424462
825	423	5	881101641
793	1142	5	875104068
778	239	4	890726303
829	278	1	881712488
692	127	3	876948910
742	508	4	881335461
678	50	4	879544450
829	189	4	891992008
753	359	4	891399477
811	301	5	886377530
722	151	5	891281020
613	607	4	891227236
825	20	2	889021180
685	873	2	879451401
742	1012	4	881335528
703	1047	3	875243028
612	300	4	875324266
831	877	2	891354391
778	193	4	890769241
703	50	5	875242813
753	182	3	891401851
778	1035	1	890804607
678	282	3	879544952
778	616	4	890726086
808	333	4	883949519
778	230	2	890804025
777	205	4	875980306
770	919	5	875972024
825	1047	3	880756934
793	844	4	875103842
831	96	5	891354668
770	25	5	875972582
770	546	4	875972699
829	1067	4	891990842
761	181	5	876190072
825	369	3	880756862
811	292	3	886377041
770	300	5	875971612
673	242	4	888787508
836	165	4	885754149
765	127	5	880346722
816	309	5	891711801
753	484	5	891401757
825	544	3	889021037
772	321	5	877533625
836	268	3	885753475
808	294	5	883949986
825	294	4	880755305
816	258	3	891711378
767	100	5	891462560
722	147	3	891281158
816	343	4	891711423
831	245	2	891354226
755	259	3	882570140
832	181	3	888260089
678	25	2	879544915
810	301	5	890083124
836	12	5	885754118
825	986	5	881185343
844	22	4	877386855
742	250	3	881336006
753	483	5	891401712
829	268	4	886631672
769	824	2	885424511
793	458	3	875104243
836	896	3	885753506
778	582	1	891232769
797	50	5	879439314
831	591	4	891355004
687	748	3	884652276
825	283	2	880756224
767	56	4	891462759
825	276	1	880756575
837	476	3	875722225
742	222	2	881336006
842	362	3	891217891
701	257	4	891447197
772	307	4	889028773
829	192	5	881712519
837	845	4	875722392
673	268	1	888786997
772	678	4	877533546
836	180	5	885754200
844	403	3	877387825
722	291	4	891281228
837	220	4	875722007
822	1091	1	891038627
825	7	5	880755612
810	879	5	890083124
831	181	5	891354866
769	258	3	885422650
837	225	3	875722371
837	274	4	875721989
755	343	3	882570077
831	333	4	891353915
767	141	4	891462870
844	195	3	877387825
767	172	5	891462614
850	204	5	883194859
836	880	4	885753506
793	150	4	875103842
829	318	5	883149860
858	331	3	880932343
837	535	1	875722246
844	90	3	877387242
850	208	5	883194973
753	510	4	891401457
797	328	2	879439136
856	879	3	891489450
863	754	3	889289067
844	423	3	877382762
772	332	4	877533731
793	109	4	875104119
836	507	4	885754149
702	1127	2	885767414
850	490	5	883194859
832	334	2	888259984
837	19	4	875721948
856	678	3	891489666
863	264	3	889289385
856	258	4	891489356
755	302	4	882569771
857	294	3	883432251
850	202	4	883194737
765	25	4	880346418
863	301	4	889289240
753	499	3	891402323
765	242	5	880345862
811	304	5	886377311
829	250	3	882816754
772	304	4	876250442
777	157	3	875980235
832	326	4	888259121
861	170	5	881274672
831	1	4	891354573
810	326	5	891873739
765	286	5	880345862
809	328	5	891036989
701	50	5	891447197
857	321	4	883432352
832	471	4	888260089
837	628	3	875722225
863	1294	4	889289618
772	313	5	889028363
858	286	4	879458829
850	56	1	883195034
829	339	2	891992167
831	1063	4	891354668
850	566	5	883195256
811	294	4	886377483
844	179	3	877387548
797	781	5	879439594
831	273	3	891354773
876	294	4	879428145
687	288	4	884651576
829	1018	2	881707829
829	512	4	881698976
831	340	4	891354000
844	71	3	877388040
837	596	3	875721969
811	748	3	886377579
861	294	3	881274504
831	272	5	891353915
844	627	3	877388040
857	898	5	883432141
873	292	5	891392177
772	327	4	877533873
850	8	5	883195055
702	229	4	885767775
844	553	4	877387242
829	13	4	881086933
822	333	4	891033747
685	337	2	879451401
837	283	5	875722069
678	287	3	879544397
844	154	3	877387052
861	1227	4	881274936
832	25	2	888260157
863	270	3	889288943
765	248	2	880346392
836	429	4	885754200
844	228	3	877387858
837	15	3	875721869
836	875	1	885753752
832	245	3	888259984
832	681	2	888259984
810	294	5	879895233
863	882	4	889289570
678	147	4	879544882
769	748	2	885422821
882	193	5	879867263
678	1	5	879544882
873	258	3	891392818
861	714	4	881274899
882	616	4	879879807
861	949	4	881274937
810	333	5	886614819
755	748	4	882570141
861	289	5	881274504
811	690	5	886377248
863	1062	4	889289570
861	52	5	881274718
811	258	5	886377311
808	271	3	883949602
832	328	3	888259020
810	313	5	885406451
863	352	1	889289491
594	483	3	874786695
742	13	4	881335361
769	831	1	885424534
836	216	4	885753979
850	173	5	883195008
882	409	4	879863031
863	902	5	889289456
885	1311	2	885714582
742	15	4	881335461
885	210	5	885713544
882	515	5	879865307
885	405	4	885715691
863	333	5	889289123
863	315	5	889288910
836	496	4	885754231
885	428	4	885713461
857	300	3	883432251
850	300	5	883194367
850	210	5	883195301
885	1	5	885714990
882	204	5	879864697
810	331	4	891873686
882	173	5	879867980
882	140	3	879879868
882	71	5	879867631
857	14	4	883432633
687	988	3	884652429
876	48	5	879428481
857	325	1	883432397
873	300	4	891392238
858	292	3	879459087
858	181	2	879460595
702	687	1	885767629
882	186	5	879879731
882	215	5	879867816
842	268	5	891218059
861	86	5	881274630
882	105	3	879863735
678	1115	3	879544815
765	522	5	880346951
702	227	4	885767775
822	926	2	891040155
808	245	4	883949822
905	333	3	884982806
850	172	5	883195301
765	971	4	880346911
906	100	4	879434846
769	1028	3	885424186
906	121	4	879435598
885	866	3	885713102
900	458	2	877833326
885	432	4	885714820
900	137	3	877832803
908	56	4	879722642
811	323	5	886377579
900	130	1	877833512
876	178	4	879428378
885	596	4	885714990
908	414	3	879723022
908	156	3	879722603
808	302	5	883949986
842	269	5	891217834
769	405	2	885424214
885	186	4	885713434
885	70	5	885713585
876	238	4	879428406
808	325	1	883949873
905	258	3	884982806
906	321	4	879434436
908	192	2	879722489
810	304	4	885406558
808	750	5	883949986
861	275	5	881274612
769	284	3	885423927
910	182	4	880821696
908	173	3	879722901
910	1012	4	884229250
832	876	3	888259480
809	286	4	891036809
857	19	4	883432633
910	100	4	880821098
687	895	4	884652331
908	55	3	879722334
915	304	3	891030032
816	259	2	891711423
908	288	4	879722097
908	694	4	879722603
905	245	3	884983273
923	410	3	880387908
808	262	5	883949986
810	321	5	879895290
861	736	4	881274672
861	1148	3	881274913
857	475	5	883432663
832	294	4	888259121
857	348	1	883432170
923	333	5	880386897
905	328	3	884983034
923	827	3	880387997
842	270	5	891218251
885	239	3	885713609
900	589	5	877833631
822	408	5	891037291
917	25	4	882911390
858	289	3	879459337
900	280	2	877833364
822	1240	3	891036703
915	288	2	891031450
908	98	5	879722300
811	892	4	886377530
908	701	4	879722780
908	204	4	879722427
915	310	3	891029965
900	493	2	877833603
842	886	4	891218459
900	474	4	877833781
900	183	3	877833781
905	282	3	884983889
942	117	4	891282816
942	200	4	891282840
905	300	4	884983556
942	604	4	891283139
910	845	4	880821405
942	423	5	891283095
915	300	3	891031477
910	237	4	880822060
917	471	4	882911099
923	237	4	880387908
765	137	5	880346255
917	50	3	882910915
910	245	2	881420474
923	472	4	880388547
910	288	3	884229224
942	261	4	891282673
808	313	5	883949986
915	1038	2	891030070
816	355	2	891711472
942	427	5	891283017
942	487	4	891282985
822	272	3	891033683
822	410	1	891039486
942	323	3	891282644
917	740	5	882912385
905	150	4	884984148
941	147	4	875049077
857	687	1	883432470
905	7	4	884984329
942	615	3	891283017
856	750	5	891489250
832	873	2	888259984
923	148	4	880387474
822	432	3	891037394
856	310	3	891489217
873	294	4	891392303
797	988	1	879439230
905	321	4	884983463
942	584	4	891283239
857	259	4	883432397
942	347	5	891282396
910	293	4	880822060
910	23	4	881421332
923	456	4	880388562
856	315	5	891489250
910	117	4	880822012
842	344	1	891217835
906	696	4	879435758
876	19	5	879428354
900	429	2	877833747
905	717	1	884984149
910	282	3	880821319
905	326	3	884983034
923	762	4	880387525
856	749	3	891489450
941	124	5	875048996
900	121	2	877832803
900	1028	2	877833393
923	1028	4	880387624
811	289	2	886377426
917	1014	2	882911246
856	323	2	891489593
858	269	4	879458608
923	174	5	880388872
816	313	5	891710780
876	187	4	879428354
923	181	5	880387363
816	288	4	891710724
858	307	3	880933013
797	127	4	879439297
941	117	5	875048886
915	270	3	891030070
810	288	3	879895233
809	307	5	891036809
809	313	4	891036743
810	902	5	890083210
906	740	4	879435415
809	302	5	891036743
906	628	5	879435551
856	688	2	891489666
842	754	1	891218251
816	349	4	891711554
822	1110	4	891036395
809	258	3	891036903
808	286	4	883949560
842	751	4	891218192
915	328	2	891031450
906	307	3	879434378
811	307	4	886377248
858	690	3	879459087
876	276	4	879428354
822	25	3	891039543
941	181	5	875048887
906	10	4	879435339
797	687	2	879439190
906	475	3	879435253
906	7	3	879434846
941	993	4	875048996
858	100	3	880932746
856	313	5	891489217
915	313	4	891029965
797	181	5	879439362
822	111	4	891039414
941	258	4	875048495
906	15	3	879435415
816	326	4	891710803
941	7	4	875048952
856	322	4	891489593
797	948	1	879439230
876	529	4	879428451
797	286	2	879438957
816	294	5	891711801
808	300	4	883949681
816	331	5	891710922
873	750	3	891392303
915	333	3	891031450
915	268	5	891031477
915	307	3	891030032
797	748	1	879439105
842	313	4	891217891
842	1105	2	891218353
858	334	4	880933072
917	276	5	882912385
809	748	3	891037091
917	150	5	882912385
941	475	4	875049038
917	278	3	882911767
842	1395	4	891218060
873	286	2	891392091
873	289	2	891392577
873	313	5	891392177
917	535	4	882912385
873	321	1	891392577
809	245	3	891037127
876	289	3	879428145
873	879	2	891392577
917	287	4	882911185
876	435	4	879428421
873	269	2	891392092
917	591	3	882911185
858	333	4	880933013
941	257	4	875048952
876	174	4	879428378
941	15	4	875049144
941	455	4	875049038
