196	242	3	881250949
186	302	3	891717742
22	377	1	878887116
244	51	2	880606923
166	346	1	886397596
298	474	4	884182806
115	265	2	881171488
253	465	5	891628467
305	451	3	886324817
6	86	3	883603013
62	257	2	879372434
286	1014	5	879781125
200	222	5	876042340
210	40	3	891035994
224	29	3	888104457
303	785	3	879485318
122	387	5	879270459
194	274	2	879539794
291	1042	4	874834944
234	1184	2	892079237
119	392	4	886176814
167	486	4	892738452
299	144	4	877881320
291	118	2	874833878
308	1	4	887736532
95	546	2	879196566
38	95	5	892430094
102	768	2	883748450
63	277	4	875747401
160	234	5	876861185
50	246	3	877052329
301	98	4	882075827
225	193	4	879539727
290	88	4	880731963
97	194	3	884238860
157	274	4	886890835
181	1081	1	878962623
278	603	5	891295330
276	796	1	874791932
7	32	4	891350932
10	16	4	877888877
284	304	4	885329322
201	979	2	884114233
276	564	3	874791805
287	327	5	875333916
246	201	5	884921594
242	1137	5	879741196
249	241	5	879641194
99	4	5	886519097
178	332	3	882823437
251	100	4	886271884
81	432	2	876535131
260	322	4	890618898
25	181	5	885853415
59	196	5	888205088
72	679	2	880037164
87	384	4	879877127
290	143	5	880474293
42	423	5	881107687
292	515	4	881103977
115	20	3	881171009
20	288	1	879667584
201	219	4	884112673
13	526	3	882141053
246	919	4	884920949
138	26	5	879024232
167	232	1	892738341
60	427	5	883326620
57	304	5	883698581
223	274	4	891550094
189	512	4	893277702
243	15	3	879987440
92	1049	1	890251826
246	416	3	884923047
194	165	4	879546723
241	690	2	887249482
178	248	4	882823954
254	1444	3	886475558
293	5	3	888906576
127	229	5	884364867
225	237	5	879539643
299	229	3	878192429
225	480	5	879540748
276	54	3	874791025
291	144	5	874835091
222	366	4	878183381
267	518	5	878971773
42	403	3	881108684
11	111	4	891903862
95	625	4	888954412
8	338	4	879361873
162	25	4	877635573
87	1016	4	879876194
279	154	5	875296291
145	275	2	885557505
119	1153	5	874781198
62	498	4	879373848
62	382	3	879375537
28	209	4	881961214
135	23	4	879857765
32	294	3	883709863
90	382	5	891383835
286	208	4	877531942
293	685	3	888905170
216	144	4	880234639
166	328	5	886397722
250	496	4	878090499
271	132	5	885848672
160	174	5	876860807
265	118	4	875320714
198	498	3	884207492
42	96	5	881107178
168	151	5	884288058
110	307	4	886987260
58	144	4	884304936
90	648	4	891384754
271	346	4	885844430
62	21	3	879373460
279	832	3	881375854
237	514	4	879376641
94	789	4	891720887
128	485	3	879966895
298	317	4	884182806
44	195	5	878347874
264	200	5	886122352
194	385	2	879524643
72	195	5	880037702
222	750	5	883815120
250	264	3	878089182
41	265	3	890687042
224	245	3	888082216
82	135	3	878769629
262	1147	4	879791710
293	471	3	888904884
216	658	3	880245029
250	140	3	878092059
59	23	5	888205300
286	379	5	877533771
244	815	4	880605185
7	479	4	891352010
174	368	1	886434402
87	274	4	879876734
194	1211	2	879551380
82	1134	2	884714402
13	836	2	882139746
13	272	4	884538403
244	756	2	880605157
305	427	5	886323090
95	787	2	888954930
43	14	2	883955745
299	955	4	889502823
57	419	3	883698454
84	405	3	883452363
269	504	4	891449922
299	111	3	877878184
194	466	4	879525876
160	135	4	876860807
99	268	3	885678247
10	486	4	877886846
259	117	4	874724988
85	427	3	879456350
303	919	4	879467295
213	273	5	878870987
121	514	3	891387947
90	98	5	891383204
49	559	2	888067405
42	794	3	881108425
155	323	2	879371261
68	117	4	876973939
172	177	4	875537965
19	4	4	885412840
268	231	4	875744136
5	2	3	875636053
305	117	2	886324028
44	294	4	883612356
43	137	4	875975656
279	1336	1	875298353
80	466	5	887401701
254	164	4	886472768
298	281	3	884183336
279	1240	1	892174404
66	298	4	883601324
18	443	3	880130193
268	1035	2	875542174
99	79	4	885680138
13	98	4	881515011
26	258	3	891347949
7	455	4	891353086
222	755	4	878183481
200	673	5	884128554
119	328	4	876923913
213	172	5	878955442
276	322	3	874786392
94	1217	3	891723086
130	379	4	875801662
38	328	4	892428688
160	719	3	876857977
293	1267	3	888906966
26	930	2	891385985
130	216	4	875216545
92	1079	3	886443455
256	452	4	882164999
1	61	4	878542420
72	48	4	880036718
56	755	3	892910207
13	360	4	882140926
15	405	2	879455957
92	77	3	875654637
207	476	2	884386343
292	174	5	881105481
232	483	5	888549622
251	748	2	886272175
224	26	3	888104153
181	220	4	878962392
259	255	4	874724710
305	471	4	886323648
52	280	3	882922806
161	202	5	891170769
148	408	5	877399018
125	235	2	892838559
97	228	5	884238860
58	1098	4	884304936
83	234	4	887665548
90	347	4	891383319
272	178	5	879455113
194	181	3	879521396
125	478	4	879454628
110	688	1	886987605
299	14	4	877877775
151	10	5	879524921
269	127	4	891446165
6	14	5	883599249
54	106	3	880937882
303	69	5	879467542
16	944	1	877727122
301	790	4	882078621
276	1091	3	874793035
305	214	2	886323068
194	1028	2	879541148
91	323	2	891438397
87	554	4	879875940
294	109	4	877819599
286	171	4	877531791
200	318	5	884128458
229	328	1	891632142
178	568	4	882826555
303	842	2	879484804
62	65	4	879374686
207	591	3	876018608
92	172	4	875653271
301	401	4	882078040
36	339	5	882157581
70	746	3	884150257
63	242	3	875747190
28	201	3	881961671
279	68	4	875307407
250	7	4	878089716
14	98	3	890881335
299	1018	3	889502324
194	54	3	879525876
303	815	3	879485532
119	237	5	874775038
295	218	5	879966498
268	930	2	875742942
268	2	2	875744173
66	258	4	883601089
233	202	5	879394264
83	623	4	880308578
214	334	3	891542540
192	476	2	881368243
100	344	4	891374868
268	145	1	875744501
301	56	4	882076587
307	89	5	879283786
234	141	3	892334609
83	576	4	880308755
181	264	2	878961624
297	133	4	875240090
38	153	5	892430369
7	382	4	891352093
264	813	4	886122952
181	872	1	878961814
201	146	1	884140579
85	507	4	879456199
269	367	3	891450023
59	468	3	888205855
286	143	4	889651549
193	96	1	889124507
113	595	5	875936424
292	11	5	881104093
130	1014	3	876250718
275	98	4	875155140
189	520	5	893265380
219	82	1	889452455
218	209	5	877488546
123	427	3	879873020
119	222	5	874775311
158	177	4	880134407
222	118	4	877563802
302	322	2	879436875
279	501	3	875308843
301	79	5	882076403
181	3	2	878963441
201	695	1	884140115
13	198	3	881515193
1	189	3	888732928
145	237	5	875270570
23	385	4	874786462
201	767	4	884114505
296	705	5	884197193
42	546	3	881105817
33	872	3	891964230
301	554	3	882078830
16	64	5	877720297
95	135	3	879197562
154	357	4	879138713
77	484	5	884733766
296	508	5	884196584
302	303	2	879436785
244	673	3	880606667
222	77	4	878183616
13	215	5	882140588
16	705	5	877722736
270	452	4	876956264
145	15	2	875270655
187	64	5	879465631
200	304	5	876041644
170	749	5	887646170
101	829	3	877136138
184	218	3	889909840
128	204	4	879967478
181	1295	1	878961781
184	153	3	889911285
1	33	4	878542699
1	160	4	875072547
184	321	5	889906967
54	595	3	880937813
94	343	4	891725009
128	508	4	879967767
23	323	2	874784266
301	227	3	882077222
301	191	3	882075672
112	903	1	892440172
82	183	3	878769848
222	724	3	878181976
218	430	3	877488316
308	1197	4	887739521
303	134	5	879467959
133	751	3	890588547
215	212	2	891435680
69	256	5	882126156
254	662	4	887347350
276	2	4	874792436
104	984	1	888442575
63	1067	3	875747514
267	410	4	878970785
13	56	5	881515011
240	879	3	885775745
286	237	2	875806800
294	271	5	889241426
90	1086	4	891384424
18	26	4	880129731
92	229	3	875656201
308	649	4	887739292
144	89	3	888105691
191	302	4	891560253
59	951	3	888206409
200	96	5	884129409
16	197	5	877726146
61	678	3	892302309
271	199	4	885848448
271	709	3	885849325
142	169	5	888640356
275	597	3	876197678
222	151	3	878182109
87	40	3	879876917
207	258	4	877879172
272	1393	2	879454663
177	333	4	880130397
207	1115	2	879664906
299	577	3	889503806
271	378	4	885849447
305	425	4	886324486
49	959	2	888068912
94	1224	3	891722802
130	1017	3	874953895
10	175	3	877888677
203	321	3	880433418
191	286	4	891560842
43	323	3	875975110
21	558	5	874951695
197	96	5	891409839
13	344	2	888073635
194	66	3	879527264
234	206	4	892334543
308	402	4	887740700
308	640	4	887737036
269	522	5	891447773
94	265	4	891721889
268	62	3	875310824
272	12	5	879455254
121	291	3	891390477
296	20	5	884196921
134	286	3	891732334
180	462	5	877544218
234	612	3	892079140
104	117	2	888465972
38	758	1	892434626
269	845	1	891456255
7	163	4	891353444
234	1451	3	892078343
275	405	2	876197645
52	250	3	882922661
102	823	3	888801465
13	186	4	890704999
178	731	4	882827532
236	71	3	890116671
256	781	5	882165296
263	176	5	891299752
244	186	3	880605697
279	1181	4	875314001
43	815	4	883956189
83	78	2	880309089
151	197	5	879528710
254	436	2	886474216
109	631	3	880579371
297	716	3	875239422
249	188	4	879641067
144	699	4	888106106
301	604	4	882075994
64	392	3	889737542
92	501	2	875653665
222	97	4	878181739
268	436	3	875310745
293	135	5	888905550
213	173	5	878955442
160	460	2	876861185
13	498	4	882139901
59	715	5	888205921
5	17	4	875636198
125	163	5	879454956
174	315	5	886432749
114	505	3	881260203
213	515	4	878870518
23	196	2	874786926
128	15	4	879968827
239	56	4	889179478
181	279	1	878962955
291	80	4	875086354
250	238	4	878089963
201	649	3	884114275
60	60	5	883327734
181	325	2	878961814
119	407	3	887038665
287	1	5	875334088
216	228	3	880245642
216	531	4	880233810
203	471	4	880434463
92	587	3	875660408
213	176	4	878956338
286	288	5	875806672
117	1047	2	881009697
99	111	1	885678886
11	558	3	891904214
65	47	2	879216672
295	194	4	879517412
269	217	2	891451610
85	259	2	881705026
250	596	5	878089921
137	144	5	881433689
201	960	2	884112077
257	137	4	882049932
111	328	4	891679939
91	480	4	891438875
215	211	4	891436202
181	938	1	878961586
189	1060	5	893264301
1	20	4	887431883
303	404	4	879468375
299	305	3	879737314
187	210	4	879465242
222	278	2	877563913
214	568	4	892668197
293	770	3	888906655
285	191	4	890595859
303	252	3	879544791
96	156	4	884402860
72	1110	3	880037334
115	1067	4	881171009
7	430	3	891352178
116	350	3	886977926
73	480	4	888625753
269	246	5	891457067
263	419	5	891299514
70	431	3	884150257
221	475	4	875244204
72	182	5	880036515
25	357	4	885852757
290	50	5	880473582
189	526	4	893266205
299	303	3	877618584
264	294	3	886121516
200	365	5	884129962
187	135	4	879465653
184	187	4	889909024
63	289	2	875746985
298	486	3	884183063
235	185	4	889655435
62	712	4	879376178
246	94	2	884923505
54	742	5	880934806
63	762	3	875747688
11	732	3	891904596
92	168	4	875653723
8	550	3	879362356
307	174	4	879283480
303	200	4	879468459
256	849	2	882164603
72	54	3	880036854
164	406	2	889402389
117	150	4	880125101
224	77	4	888103872
193	869	3	889127811
94	184	2	891720862
281	338	2	881200457
130	109	3	874953794
128	371	1	879966954
94	720	1	891723593
182	845	3	885613067
129	873	1	883245452
254	229	4	886474580
64	381	4	879365491
151	176	2	879524293
45	25	4	881014015
193	879	3	889123257
276	922	4	889174849
276	57	3	874787526
234	187	4	892079140
181	306	1	878962006
21	370	1	874951293
293	249	3	888905229
264	721	5	886123656
10	611	5	877886722
197	346	3	891409070
276	142	3	874792945
308	427	4	887736584
221	943	4	875246759
131	126	4	883681514
268	824	2	876518557
109	8	3	880572642
198	58	3	884208173
230	680	4	880484286
181	741	1	878962918
192	1061	4	881368891
234	448	3	892335501
90	900	4	891382309
193	941	4	889124890
128	603	5	879966839
126	905	2	887855283
244	265	4	880606634
90	289	3	891382310
157	25	3	886890787
305	71	3	886323684
119	382	5	874781742
21	222	2	874951382
231	181	4	888605273
280	508	3	891700453
288	132	3	886374129
279	1497	2	890780576
301	33	4	882078228
72	699	3	880036783
90	259	2	891382392
308	55	3	887738760
59	742	3	888203053
94	744	4	891721462
130	642	4	875216933
26	1015	3	891352136
56	121	5	892679480
82	508	2	884714249
62	12	4	879373613
276	40	3	874791871
152	301	3	880147407
178	845	4	882824291
217	597	4	889070087
79	303	4	891271203
138	484	4	879024127
308	81	5	887737293
75	284	2	884050393
269	198	4	891447062
307	94	3	877122695
222	781	3	881059677
121	740	3	891390544
269	22	1	891448072
230	742	5	880485043
269	507	4	891448800
239	1099	5	889179253
245	1028	5	888513447
56	546	3	892679460
295	961	5	879519556
271	1028	2	885848102
222	812	2	881059117
69	240	3	882126156
10	7	4	877892210
22	376	3	878887112
294	931	3	889242857
82	717	1	884714492
279	399	4	875313859
269	234	1	891449406
6	98	5	883600680
243	1039	4	879988184
298	181	4	884125629
282	325	1	881703044
78	323	1	879633567
118	200	5	875384647
283	1114	5	879297545
171	292	4	891034835
70	217	4	884151119
10	100	5	877891747
245	181	4	888513664
107	333	3	891264267
246	561	1	884923445
276	70	4	874790826
244	17	2	880607205
189	56	5	893265263
226	242	5	883888671
62	1016	4	879373008
214	478	4	891544052
306	235	4	876504354
280	631	5	891700751
60	430	5	883326122
56	71	4	892683275
42	274	5	881105817
1	202	5	875072442
173	289	4	877556988
15	749	1	879455311
185	23	4	883524249
280	540	3	891702304
244	381	4	880604077
150	293	4	878746946
7	497	4	891352134
178	317	4	882826915
178	742	3	882823833
95	1217	3	880572658
234	1462	3	892333865
97	222	5	884238887
109	127	2	880563471
117	268	5	880124306
130	1246	3	876252497
264	655	4	886123530
207	13	3	875506839
42	588	5	881108147
246	409	2	884923372
87	367	4	879876702
101	304	3	877135677
256	127	4	882164406
92	794	3	875654798
213	235	1	878955115
92	739	2	876175582
292	661	5	881105561
246	665	4	884922831
274	845	5	878945579
188	692	5	875072583
18	86	4	880129731
5	439	1	878844423
236	632	3	890116254
193	407	4	889127921
144	709	4	888105940
90	1198	5	891383866
48	609	4	879434819
5	225	2	875635723
22	128	5	878887983
311	432	4	884365485
8	22	5	879362183
72	866	4	880035887
299	134	4	878192311
1	171	5	889751711
308	295	3	887741461
165	216	4	879525778
200	11	5	884129542
234	626	4	892336358
244	707	4	880606243
90	25	5	891384789
208	216	5	883108324
263	96	4	891298336
134	323	4	891732335
279	586	4	892864663
2	292	4	888550774
288	593	2	886892127
49	302	4	888065432
286	153	5	877531406
205	304	3	888284313
22	80	4	878887227
234	318	4	892078890
223	328	3	891548959
15	25	3	879456204
268	147	4	876514002
94	1220	3	891722678
274	405	4	878945840
7	492	5	891352010
268	217	2	875744501
16	55	5	877717956
164	620	3	889402298
290	161	4	880474293
92	515	4	875640800
239	1070	5	889179032
56	449	5	892679308
248	234	4	884534968
234	10	3	891227851
280	1049	2	891702486
308	187	5	887738760
192	948	3	881368302
122	509	4	879270511
85	588	3	880838306
262	931	2	879790874
201	272	3	886013700
295	739	4	879518319
263	568	4	891299387
295	39	4	879518279
201	1100	4	884112800
93	820	3	888705966
159	1028	5	880557539
158	665	2	880134532
293	423	3	888906070
82	597	3	878768882
217	2	3	889069782
83	660	4	880308256
189	20	5	893264466
146	1022	5	891458193
267	121	3	878970681
126	294	3	887855087
125	80	4	892838865
43	120	4	884029430
253	259	2	891628883
42	44	3	881108548
77	518	4	884753202
291	686	5	874835165
268	21	3	875742822
262	28	3	879792220
29	245	3	882820803
236	57	5	890116575
158	729	3	880133116
156	661	4	888185947
232	52	5	888550130
168	866	5	884287927
37	288	4	880915258
141	245	3	884584426
235	230	4	889655162
102	70	3	888803537
77	172	3	884752562
90	506	5	891383319
186	566	5	879023663
44	660	5	878347915
118	774	5	875385198
7	661	5	891351624
49	1003	2	888068651
62	68	1	879374969
42	1028	4	881106072
178	433	4	882827834
85	51	2	879454782
77	474	5	884732407
58	1099	2	892243079
56	1047	4	892911290
197	688	1	891409564
286	99	4	878141681
295	190	4	879517062
224	69	4	888082495
272	317	4	879454977
221	1010	3	875246662
66	877	1	883601089
207	318	5	877124871
7	648	5	891351653
87	82	5	879875774
195	1052	1	877835102
44	449	5	883613334
306	287	4	876504442
194	172	3	879521474
94	62	3	891722933
167	659	4	892738277
108	100	4	879879720
230	304	5	880484286
54	302	4	880928519
286	357	4	877531537
14	269	4	892242403
311	179	2	884365357
21	440	1	874951798
244	550	1	880602264
65	806	4	879216529
37	540	2	880916070
44	443	5	878348289
244	183	4	880606043
1	265	4	878542441
270	25	5	876954456
299	387	2	889502756
94	572	3	891723883
286	746	4	877533058
239	272	5	889181247
216	55	5	880245145
254	121	3	886472369
62	665	2	879376483
178	385	4	882826982
194	23	4	879522819
188	143	5	875072674
158	1098	4	880135069
207	845	3	881681663
161	48	1	891170745
305	654	4	886323937
47	324	3	879439078
64	736	4	889739212
191	751	3	891560753
7	378	5	891353011
59	92	5	888204997
69	268	5	882027109
10	461	3	877888944
21	129	4	874951382
58	9	4	884304328
113	126	5	875076827
173	328	5	877557028
95	233	4	879196354
16	194	5	877720733
59	323	4	888206809
311	654	3	884365075
292	589	4	881105516
43	203	4	883955224
79	50	4	891271545
235	70	5	889655619
125	190	5	892836309
284	322	3	885329671
303	161	5	879468547
254	378	3	886474396
255	1034	1	883217030
104	301	2	888442275
6	463	4	883601713
279	122	1	875297433
297	57	5	875239383
42	625	3	881108873
130	1217	4	875801778
254	357	3	886472466
109	475	1	880563641
230	1444	2	880485726
6	301	2	883600406
36	748	4	882157285
256	443	3	882164727
102	515	1	888801316
104	285	4	888465201
21	447	5	874951695
111	301	4	891680028
18	408	5	880129628
25	222	4	885852817
110	944	3	886989501
270	98	5	876955868
68	237	5	876974133
83	215	4	880307940
6	258	2	883268278
89	216	5	879459859
128	317	4	879968029
305	512	4	886323525
184	412	2	889912691
256	86	5	882165103
221	48	5	875245462
140	332	3	879013617
190	977	2	891042938
11	227	3	891905896
201	203	5	884114471
150	181	5	878746685
126	245	3	887854726
20	208	2	879669401
144	742	4	888104122
109	566	4	880578814
85	1065	3	879455021
213	133	3	878955973
223	11	3	891550649
215	421	4	891435704
218	208	3	877488366
174	937	5	886432989
275	186	3	880314383
68	742	1	876974198
160	462	4	876858346
195	273	4	878019342
224	178	4	888082468
5	110	1	875636493
99	1016	5	885678724
2	251	5	888552084
292	9	4	881104148
72	568	4	880037203
85	228	3	882813248
83	281	5	880307072
87	401	2	879876813
287	926	4	875334340
1	155	2	878542201
24	64	5	875322758
82	56	3	878769410
161	318	3	891170824
196	393	4	881251863
56	91	4	892683275
82	477	3	876311344
256	761	4	882164644
226	56	4	883889102
308	1286	3	887738151
16	8	5	877722736
180	202	3	877128388
203	93	4	880434940
145	56	5	875271896
288	305	4	886372527
84	742	3	883450643
44	644	3	878347818
17	13	3	885272654
313	117	4	891015319
148	1	4	877019411
197	347	4	891409070
21	164	5	874951695
239	491	5	889181015
185	287	5	883526288
297	89	4	875239125
303	68	4	879467361
186	250	1	879023607
73	206	3	888625754
104	756	2	888465739
239	194	5	889178833
197	511	5	891409839
280	1	4	891700426
1	117	3	874965739
224	583	1	888103729
60	162	4	883327734
198	258	4	884204501
239	513	5	889178887
6	69	3	883601277
233	375	4	876374419
85	642	4	882995615
110	38	3	886988574
184	522	3	889908462
99	873	1	885678436
201	518	4	884112201
214	131	3	891544465
296	228	4	884197264
217	182	2	889070109
85	433	3	879828720
239	234	3	889178762
208	663	5	883108476
109	178	3	880572950
230	172	4	880484523
59	485	2	888204466
313	478	3	891014373
70	1133	3	884151344
62	182	5	879375169
198	234	3	884207833
65	125	4	879217509
174	660	5	886514261
130	1248	3	880396702
100	354	2	891375260
283	432	5	879297965
275	418	3	875154718
311	98	5	884364502
195	751	4	883295500
130	105	4	876251160
56	222	5	892679439
210	204	5	887730676
239	9	5	889180446
96	87	4	884403531
297	73	2	875239691
249	239	3	879572284
84	121	4	883452307
275	265	4	880314031
135	1046	3	879858003
291	1178	4	875086354
125	382	1	892836623
70	399	4	884068521
311	9	4	884963365
301	523	4	882076146
152	685	5	880149074
275	1091	2	875154535
53	281	4	879443288
198	118	2	884206513
26	125	4	891371676
151	13	3	879542688
124	496	1	890286933
24	191	5	875323003
271	65	3	885849419
307	634	3	879283385
294	1245	3	877819265
25	501	3	885852301
293	137	3	888904653
75	240	1	884050661
207	68	2	877125350
2	50	5	888552084
313	566	4	891016220
144	125	4	888104191
188	443	4	875074329
145	974	1	882182634
72	234	4	880037418
83	385	4	887665549
109	402	4	880581344
207	107	3	876198301
185	216	4	883526268
14	213	5	890881557
149	319	2	883512658
57	79	5	883698495
230	963	5	880484370
176	875	4	886047442
253	97	4	891628501
284	269	4	885328991
106	526	4	881452685
121	180	3	891388286
291	418	4	875086920
84	1033	4	883452711
293	380	2	888907527
207	58	3	875991047
109	97	3	880578711
283	845	4	879297442
297	275	5	874954260
78	255	4	879633745
11	425	4	891904300
193	1078	4	889126943
297	234	3	875239018
87	585	4	879877008
250	204	2	878091682
8	50	5	879362124
186	148	4	891719774
312	692	4	891699426
91	683	3	891438351
5	454	1	875721432
291	376	3	875086534
175	127	5	877107640
145	737	2	875272833
83	210	5	880307751
102	524	3	888803537
153	174	1	881371140
49	995	3	888065577
207	554	2	877822854
313	616	5	891015049
254	219	1	886475980
83	97	4	880308690
63	100	5	875747319
16	178	5	877719333
297	233	2	875239914
85	25	2	879452769
42	98	4	881106711
274	50	5	878944679
104	299	3	888442436
184	98	4	889908539
293	708	3	888907527
248	589	4	884534968
18	950	3	880130764
217	27	1	889070011
200	892	4	884127082
296	222	5	884196640
196	381	4	881251728
69	427	3	882145465
72	196	4	880036747
256	472	4	882152471
128	182	4	879967225
151	747	3	879524564
172	220	4	875537441
190	974	2	891625949
82	756	1	878768741
59	235	1	888203658
64	1063	3	889739539
145	756	2	885557506
220	298	4	881198966
21	324	4	874950889
285	269	4	890595313
198	658	3	884208173
220	333	3	881197771
210	70	4	887730589
158	128	2	880134296
143	682	3	888407741
75	237	2	884050309
199	221	4	883782854
223	1150	2	891549841
297	25	4	874954497
1	47	4	875072125
164	281	4	889401906
96	673	4	884402860
291	1016	4	874833827
233	177	4	877661496
6	517	4	883602212
202	283	3	879727153
214	117	4	891543241
184	602	4	889909691
277	257	3	879543487
95	68	4	879196231
25	257	4	885853415
6	23	4	883601365
38	573	1	892433660
313	436	4	891029877
22	241	3	878888025
262	617	3	879793715
130	569	3	880396494
66	181	5	883601425
21	948	1	874951054
262	174	3	879791948
206	302	5	888180227
76	61	4	875028123
151	703	4	879542460
314	28	5	877888346
44	258	4	878340824
16	89	2	877717833
270	558	5	876954927
248	117	5	884535433
125	318	5	879454309
138	523	5	879024043
291	15	5	874833668
239	96	5	889178798
15	331	3	879455166
136	89	4	882848925
223	423	3	891550684
82	194	4	878770027
145	355	3	888396967
280	845	3	891700925
179	339	1	892151366
178	199	4	882826306
307	949	4	877123315
10	488	5	877888613
116	331	3	876451911
23	258	5	876785704
185	114	4	883524320
188	237	3	875073648
118	654	5	875385007
246	721	4	884921794
122	378	4	879270769
312	100	4	891698613
262	64	5	879793022
154	242	3	879138235
223	763	3	891550067
99	403	4	885680374
83	43	4	880308690
174	402	5	886513729
256	487	5	882164231
59	177	4	888204349
161	168	1	891171174
250	196	4	878091818
43	40	3	883956468
285	150	5	890595636
97	670	5	884239744
122	510	4	879270327
61	323	3	891206450
4	264	3	892004275
304	259	1	884967253
37	403	5	880915942
49	68	1	888069513
165	372	5	879525987
176	324	5	886047292
3	335	1	889237269
56	869	3	892683895
44	15	4	878341343
190	117	4	891033697
29	189	4	882821942
117	181	5	880124648
19	435	5	885412840
158	24	4	880134261
56	447	4	892679067
262	223	3	879791816
214	137	4	891543227
188	96	5	875073128
58	173	5	884305353
134	879	4	891732393
298	625	4	884183406
254	230	4	886472400
230	138	3	880485197
16	209	5	877722736
151	835	5	879524199
145	1248	3	875272195
200	588	5	884128499
248	257	3	884535840
297	432	4	875239658
312	133	5	891699296
151	12	5	879524368
110	568	3	886988449
305	483	5	886323068
141	258	5	884584338
44	240	4	878346997
186	263	3	879023571
214	213	4	891544414
233	208	4	880610814
104	287	2	888465347
312	153	2	891699491
206	323	1	888179833
230	419	4	880484587
56	450	3	892679374
205	316	4	888284710
14	174	5	890881294
5	424	1	875635807
112	331	4	884992603
296	429	5	884197330
18	202	3	880130515
87	210	5	879875734
10	285	5	877889186
23	463	4	874785843
253	746	3	891628630
66	1	3	883601324
216	174	5	881432488
290	208	3	880475245
79	1161	2	891271697
264	448	2	886122031
4	303	5	892002352
144	831	3	888104805
138	517	4	879024279
64	433	2	889740286
5	1	4	875635748
239	475	5	889178689
264	70	4	886123596
208	197	5	883108797
24	763	5	875322875
3	245	1	889237247
101	596	3	877136564
162	1019	4	877636556
223	908	1	891548802
99	246	3	888469392
160	160	5	876862078
172	580	4	875538028
54	676	5	880935294
44	507	3	878347392
210	97	5	887736454
164	930	4	889402340
28	217	3	881961671
305	79	3	886324276
18	729	3	880131236
82	343	1	884713755
109	1012	4	880564570
109	1	4	880563619
15	222	3	879455730
58	709	5	884304812
152	111	5	880148782
77	91	3	884752924
177	321	2	880130481
131	221	3	883681561
197	302	3	891409070
227	50	4	879035347
85	282	3	879829618
295	72	4	879518714
277	255	4	879544145
18	182	4	880130640
87	177	5	879875940
177	69	1	880131088
213	13	4	878955139
125	134	5	879454532
128	739	4	879969349
291	428	5	874871766
25	208	4	885852337
288	272	5	889225463
271	56	3	885848559
5	363	3	875635225
274	748	5	878944406
70	419	5	884065035
311	559	2	884366187
151	919	5	879524368
199	268	5	883782509
99	274	1	885679157
11	740	4	891903067
184	277	3	889907971
38	161	5	892432062
104	300	3	888442275
298	1346	3	884126061
180	1119	3	877128156
121	14	5	891390014
252	277	4	891456797
210	527	5	887736232
312	573	5	891712535
75	546	3	884050422
117	15	5	880125887
246	239	3	884921380
64	516	5	889737376
256	220	3	882151690
216	196	5	880245145
203	282	1	880434919
144	153	5	888105823
100	268	3	891374982
210	274	5	887730676
125	657	3	892836422
65	1142	4	879217349
76	175	4	875028853
294	508	4	877819532
263	1451	4	891299949
294	930	3	889242704
121	117	1	891388600
212	180	1	879303974
6	492	5	883601089
184	191	4	889908716
310	116	5	879436104
313	22	3	891014870
314	1150	4	877887002
43	5	4	875981421
58	214	2	884305296
215	164	3	891436633
280	127	5	891702544
161	898	3	891170191
11	723	5	891904637
35	243	2	875459046
311	566	4	884366112
48	680	3	879434330
288	527	3	886373565
184	514	5	889908497
151	929	3	879543457
11	38	3	891905936
104	1016	1	888466002
106	582	4	881451199
37	117	4	880915674
22	258	5	878886261
70	82	4	884068075
5	98	3	875720691
60	208	5	883326028
270	778	5	876955711
243	208	4	879989134
81	280	4	876534214
200	478	5	884128788
116	250	4	876452606
295	172	4	879516986
63	1007	5	875747368
295	235	4	879517943
104	1010	1	888465554
156	641	5	888185677
160	430	5	876861799
237	191	4	879376773
287	252	1	875334361
290	132	3	880473993
45	109	5	881012356
224	678	3	888082277
145	764	2	888398257
277	1011	3	879543697
65	100	3	879217558
272	1101	5	879454977
116	255	3	876452524
285	151	5	890595636
271	187	5	885848343
246	425	5	884921918
115	8	5	881171982
176	327	3	886047176
129	331	2	883244737
257	1260	2	880496892
95	1	5	879197329
147	904	5	885594015
151	58	4	879524849
311	386	3	884365747
105	268	4	889214268
158	510	3	880134296
34	312	4	888602742
263	416	5	891299697
200	291	3	891825292
45	118	4	881014550
145	22	5	875273021
71	89	5	880864462
182	69	5	876435435
193	627	4	889126972
214	302	4	892668197
102	322	3	883277645
249	930	2	879640585
195	328	4	884420059
109	258	5	880562908
282	288	4	879949367
117	758	2	881011217
23	381	4	874787350
112	327	1	884992535
252	300	4	891448664
282	327	5	879949417
304	237	5	884968415
290	568	3	880474716
64	160	4	889739288
28	79	4	881961003
168	1278	3	884287560
265	471	4	875320302
18	113	5	880129628
26	685	3	891371676
150	129	4	878746946
161	98	4	891171357
70	210	4	884065854
51	182	3	883498790
204	216	4	892513864
164	685	5	889402160
57	682	3	883696824
60	403	3	883327087
43	204	4	883956122
197	300	4	891409422
294	282	3	877821796
193	410	3	889127633
271	705	4	885849052
214	693	3	891544414
73	657	5	888625422
315	273	3	879821349
48	309	3	879434132
255	472	1	883216958
270	671	4	876956360
66	7	3	883601355
6	478	4	883602762
101	222	3	877136243
144	182	3	888105743
102	625	3	883748418
158	770	5	880134477
297	588	4	875238579
271	482	5	885848519
178	276	3	882823978
311	143	3	884364812
267	17	4	878971773
116	751	3	890131577
170	292	5	884103732
110	578	3	886988536
60	1021	5	883326185
287	347	4	888177040
197	55	3	891409982
38	679	5	892432062
195	1014	4	879673925
84	748	4	883449530
31	886	2	881547877
316	98	5	880853743
25	25	5	885853415
168	274	4	884287865
103	24	4	880415847
287	294	5	875333873
49	47	5	888068715
296	855	5	884197352
44	95	4	878347569
135	39	3	879857931
262	386	3	879795512
116	942	3	876454090
318	474	4	884495742
141	826	2	884585437
49	625	3	888067031
177	243	1	882142141
313	99	4	891014029
32	290	3	883717913
165	288	2	879525673
249	255	3	879571752
49	581	3	888068143
195	300	3	890588925
118	475	5	875384793
104	293	3	888465166
142	82	4	888640356
119	718	5	874774956
99	50	5	885679998
306	14	5	876503995
227	295	5	879035387
3	337	1	889236983
30	539	3	885941454
262	821	3	879794887
311	716	4	884365718
262	553	4	879795122
214	275	3	891542968
16	56	5	877719863
262	293	2	879790906
240	313	5	885775604
102	161	2	888801876
312	28	4	891698300
31	484	5	881548030
110	1246	2	886989613
246	1218	3	884922801
65	196	5	879216637
24	367	2	875323241
214	1129	4	892668249
158	241	4	880134445
32	151	3	883717850
224	191	4	888082468
215	423	5	891435526
32	1012	4	883717581
154	289	2	879138345
180	68	5	877127721
188	218	5	875074667
144	508	4	888104150
73	94	1	888625754
177	203	4	880131026
198	7	4	884205317
108	290	4	879880076
189	197	5	893265291
73	56	4	888626041
172	462	3	875537717
120	546	2	889490979
101	471	3	877136535
5	102	3	875721196
26	235	2	891372429
128	482	4	879967432
256	25	5	882150552
275	69	3	880314089
22	510	5	878887765
312	494	5	891698454
264	504	5	886122577
137	687	4	881432756
185	740	4	883524475
307	687	1	879114143
189	634	3	893265506
251	148	2	886272547
259	772	4	874724882
312	921	5	891699295
81	742	2	876533764
311	419	3	884364931
102	448	3	888803002
249	746	5	879641209
95	527	4	888954440
19	655	3	885412723
79	100	5	891271652
189	751	4	893265046
253	510	5	891628416
195	154	3	888737525
277	279	4	879543592
223	8	2	891550684
217	144	4	889069782
313	200	3	891017736
116	1216	3	876452582
117	151	4	880126373
221	327	4	875243968
46	307	3	883611430
91	28	4	891439243
64	176	4	889737567
116	271	4	886310197
196	251	3	881251274
49	547	5	888066187
307	1022	4	879283008
235	87	4	889655162
254	379	1	886474650
135	1208	3	879858003
57	243	3	883696547
250	404	4	878092144
318	768	2	884498022
289	282	3	876789180
50	823	3	877052784
25	258	5	885853199
18	496	5	880130470
193	790	3	889127381
263	510	4	891298392
209	906	2	883589546
314	535	4	877887002
250	338	4	883263374
95	172	4	879196847
277	282	4	879543697
148	140	1	877019882
223	977	2	891550295
210	357	5	887736206
185	199	4	883526268
174	80	1	886515210
235	480	4	889655044
99	354	2	888469332
224	873	2	888082187
298	252	4	884183833
315	13	4	879821158
215	197	4	891435357
101	405	4	877137015
249	88	4	879572668
60	525	5	883325944
263	197	4	891299752
138	496	4	879024043
209	251	5	883417810
217	7	4	889069741
261	340	5	890454045
176	258	4	886047026
81	169	4	876534751
88	750	2	891037276
49	7	4	888067307
263	117	3	891299387
9	298	5	886960055
249	708	4	879572403
196	655	5	881251793
134	313	5	891732150
203	148	3	880434755
247	736	5	893097024
313	745	3	891016583
251	1014	5	886272486
227	411	4	879035897
58	100	5	884304553
249	723	4	879641093
11	725	3	891905568
160	56	5	876770222
103	127	4	880416331
11	110	3	891905324
45	763	2	881013563
161	162	2	891171413
177	209	4	880130736
29	332	4	882820869
30	435	5	885941156
315	185	4	879821267
23	172	4	874785889
321	496	4	879438607
191	754	3	891560366
106	778	4	881453040
84	12	5	883452874
264	33	3	886122644
261	875	5	890454351
190	302	5	891033606
112	289	5	884992690
144	106	3	888104684
199	258	4	883782403
224	20	1	888104487
294	127	5	877819265
103	121	3	880415766
152	412	2	880149328
267	840	4	878970926
160	117	4	876767822
158	72	3	880135118
250	244	4	878089786
57	760	2	883697617
58	268	5	884304288
23	1006	3	874785809
307	265	3	877122816
223	411	1	891550005
137	300	5	881432524
164	117	5	889401816
213	294	3	878870226
232	197	4	888549563
150	221	4	878747017
21	103	1	874951245
189	1005	4	893265971
36	307	4	882157227
128	228	3	879969329
248	475	5	884535446
95	1229	2	879198800
213	609	4	878955533
203	181	5	880434278
198	100	1	884207325
266	676	3	892257897
197	229	3	891410039
74	272	5	888333194
127	294	4	884363803
177	56	5	880130618
45	473	3	881014417
57	28	4	883698324
238	252	3	883576644
131	1281	4	883681561
270	97	4	876955633
159	127	5	880989744
230	202	4	880485352
318	356	4	884496671
123	531	3	879872671
267	403	4	878971939
232	630	3	888550060
180	762	4	877126241
319	313	5	889816026
180	737	3	877128327
270	736	5	876955087
54	685	3	880935504
21	98	5	874951657
314	95	5	877888168
230	378	5	880485159
270	370	5	876956232
80	582	3	887401701
312	121	3	891698174
189	1115	4	893264270
77	195	5	884733695
206	900	1	888179980
253	216	4	891628252
223	596	3	891549713
108	50	4	879879739
101	281	2	877136842
267	980	3	878970578
314	1263	2	877890611
314	276	1	877886413
18	387	4	880130155
313	96	5	891015144
215	144	4	891435107
296	248	5	884196765
270	83	4	876954995
210	161	5	887736393
275	449	3	876198328
185	269	5	883524428
216	69	5	880235229
147	292	5	885594040
28	95	3	881956917
29	539	2	882821044
97	89	5	884238939
238	756	3	883576476
186	470	5	879023693
10	504	5	877892110
110	682	4	886987354
157	250	1	886890296
267	386	3	878973597
47	995	3	879440429
148	114	5	877016735
60	222	4	883327441
106	107	4	883876961
216	697	4	883981700
294	1199	2	889242142
323	257	2	878739393
140	268	4	879013684
220	303	4	881198014
170	299	3	886190476
230	142	4	880485633
275	501	3	875154718
11	741	5	891902745
174	395	1	886515154
57	204	4	883698272
314	417	4	877888855
159	1037	2	884360502
186	983	3	879023152
68	7	3	876974096
316	306	4	880853072
280	781	4	891701699
187	215	3	879465805
71	134	3	885016614
306	242	5	876503793
64	684	4	889740199
198	135	5	884208061
232	91	5	888549515
53	24	3	879442538
238	111	4	883576603
63	20	3	875748004
298	152	3	884183336
148	70	5	877021271
158	1011	4	880132579
174	237	4	886434047
278	311	4	891295130
229	347	1	891632073
101	252	3	877136628
63	1028	3	875748198
275	520	4	880314218
73	357	5	888626007
4	361	5	892002353
64	778	5	889739806
15	473	1	879456204
219	347	1	889386819
295	704	5	879519266
125	997	2	892838976
76	582	3	882607444
272	48	4	879455143
321	287	3	879438857
306	864	3	876504286
57	1047	4	883697679
116	7	2	876453915
52	95	4	882922927
209	688	1	883589626
208	202	4	883108476
160	187	5	876770168
141	274	5	884585220
260	990	5	890618729
177	299	4	880130500
107	271	2	891264432
26	25	3	891373727
15	678	1	879455311
167	364	3	892738212
43	151	4	875975613
10	289	4	877886223
197	515	5	891409935
57	756	3	883697730
323	223	4	878739699
307	509	3	877121019
54	298	4	892681300
295	47	5	879518166
287	257	4	875334224
290	82	4	880473918
290	393	3	880475169
323	298	4	878739275
296	258	5	884196469
125	239	5	892838375
135	431	2	879857868
138	211	4	879024183
221	1059	4	875245077
219	882	3	889386741
60	604	4	883327997
63	50	4	875747292
255	448	3	883216544
313	148	2	891031979
226	147	3	883889479
204	340	5	892389195
186	281	4	879023390
69	300	3	882027204
259	959	4	888720593
135	449	3	879857843
312	641	5	891698300
142	181	5	888640317
296	242	4	884196057
294	676	3	877821514
69	174	5	882145548
195	265	4	888737346
121	509	5	891388145
280	472	2	891702086
221	780	3	875246552
175	96	3	877108051
180	431	4	877442098
318	257	5	884471030
310	24	4	879436242
236	265	2	890116191
280	128	3	891701188
43	52	4	883955224
91	427	4	891439057
318	631	4	884496855
97	482	5	884238693
174	160	5	886514377
188	769	2	875074720
221	69	4	875245641
196	67	5	881252017
232	175	5	888549815
159	685	4	880557347
175	71	4	877107942
270	53	4	876956106
162	181	4	877635798
117	829	3	881010219
210	380	4	887736482
26	455	3	891371506
97	484	3	884238966
173	286	5	877556626
213	12	5	878955409
36	883	5	882157581
100	321	1	891375112
131	100	5	883681418
14	709	5	879119693
284	305	4	885328906
191	752	3	891560481
52	1086	4	882922562
22	79	4	878887765
137	546	5	881433116
292	328	3	877560833
249	11	5	879640868
197	294	4	891409290
26	1016	3	891377609
193	435	4	889124439
115	127	5	881171760
217	22	5	889069741
257	345	4	887066556
63	222	3	875747635
111	313	4	891679901
179	905	4	892151331
15	932	1	879456465
15	127	2	879455505
110	1179	2	886989501
236	313	4	890115777
310	536	4	879436137
37	55	3	880915942
75	409	3	884050829
314	692	5	877888445
187	523	3	879465125
292	195	5	881103568
233	99	3	877663383
66	249	4	883602158
280	204	3	891700643
221	1250	2	875247855
97	98	4	884238728
58	109	4	884304396
294	222	4	877819353
314	1289	2	877887388
131	750	5	883681723
296	48	5	884197091
81	3	4	876592546
57	926	3	883697831
53	174	5	879442561
123	135	5	879872868
96	479	4	884403758
236	286	5	890115777
174	471	5	886433804
3	343	3	889237122
310	845	5	879436534
4	357	4	892003525
25	615	5	885852611
298	91	2	884182932
147	305	4	885593997
314	1518	4	877891426
255	678	2	883215795
272	127	5	879454725
97	50	5	884239471
150	121	2	878747322
14	530	5	890881433
23	170	4	874785348
165	325	4	879525672
28	98	5	881961531
259	269	3	877923906
28	173	3	881956220
298	8	5	884182748
77	238	5	884733965
193	332	3	889123257
38	139	2	892432786
113	326	5	875935609
115	92	4	881172049
81	824	3	876534437
41	28	4	890687353
287	249	5	875334430
117	50	5	880126022
221	204	4	875246008
318	659	4	884495868
154	488	4	879138831
186	385	4	879023894
302	323	2	879436875
198	179	4	884209264
229	313	2	891631948
126	262	4	887854726
34	242	5	888601628
173	323	5	877556926
156	276	3	888185854
122	215	4	879270676
208	88	5	883108324
89	197	5	879459859
315	305	5	881017419
164	299	4	889401383
93	412	2	888706037
70	50	4	884064188
177	960	3	880131161
75	476	1	884050393
312	228	3	891699040
210	58	4	887730177
102	405	2	888801812
38	432	1	892430282
198	214	4	884208273
267	238	4	878971629
60	47	4	883326399
97	115	5	884239525
314	1218	4	877887525
319	338	2	879977242
15	685	4	879456288
123	192	5	879873119
47	340	5	879439078
58	284	4	884304519
106	692	3	881453290
287	11	5	875335124
249	124	5	879572646
25	228	4	885852920
76	92	4	882606108
235	647	4	889655045
48	174	5	879434723
144	685	3	888105473
64	93	2	889739025
191	301	4	891561336
287	56	5	875334759
96	153	4	884403624
150	100	2	878746636
93	15	5	888705388
84	528	5	883453617
318	50	2	884495696
195	496	4	888737525
54	268	5	883963510
14	474	4	890881557
263	921	3	891298727
289	849	4	876789943
38	465	5	892432476
102	300	3	875886434
61	328	5	891206371
307	100	3	879206424
50	253	5	877052550
267	423	3	878972842
235	1149	4	889655595
316	588	1	880853992
124	50	3	890287508
137	237	4	881432965
187	116	5	879464978
316	292	4	880853072
277	1197	4	879543768
89	1048	3	879460027
253	50	4	891628518
172	488	3	875537965
315	651	3	879799457
248	174	3	884534992
70	584	3	884150236
48	259	4	879434270
235	419	5	889655858
147	258	4	885594040
69	12	5	882145567
237	494	4	879376553
114	175	5	881259955
154	302	4	879138235
106	660	4	881451631
229	315	1	891632945
113	329	3	875935312
255	859	3	883216748
259	750	4	888630424
204	172	3	892513819
78	412	4	879634223
288	127	5	886374451
25	729	4	885852697
119	213	5	874781257
116	185	3	876453519
123	13	3	879873988
315	657	4	879821299
142	243	1	888640199
195	387	4	891762491
233	482	4	877661437
292	86	4	881105778
176	294	2	886047220
157	405	3	886890342
251	144	5	886271920
138	121	4	879023558
30	82	4	875060217
302	245	2	879436911
34	690	4	888602513
292	276	5	881103915
69	175	3	882145586
288	196	5	886373474
209	408	4	883417517
307	173	5	879283786
167	392	1	892738307
22	791	1	878887227
124	11	5	890287645
155	988	2	879371261
318	476	4	884495164
28	7	5	881961531
236	729	5	890118372
38	672	3	892434800
255	217	2	883216600
154	175	5	879138784
116	301	3	892683732
221	508	4	875244160
162	742	4	877635758
195	186	3	888737240
206	1394	1	888179981
31	682	2	881547834
73	588	2	888625754
148	495	4	877016735
123	847	4	879873193
237	528	5	879376606
140	301	3	879013747
290	222	4	880731778
177	79	4	880130758
65	202	4	879217852
77	168	4	884752721
117	405	5	880126174
248	127	5	884535084
289	7	4	876789628
241	294	3	887250085
168	284	2	884288112
28	380	4	881961394
267	739	4	878973276
129	303	3	883244011
318	64	4	884495590
290	476	3	880475837
138	151	4	879023389
215	157	4	891435573
79	246	5	891271545
233	806	4	880610396
70	417	3	884066823
206	245	1	888179772
65	56	3	879217816
236	506	5	890118153
323	117	3	878739355
277	273	5	879544145
176	288	3	886046979
26	15	4	891386369
112	354	3	891304031
121	405	2	891390579
287	92	4	875334896
106	703	4	881450039
22	511	4	878887983
165	258	5	879525672
161	174	2	891170800
77	125	3	884733014
186	588	4	879024535
84	529	5	883453108
74	288	3	888333280
147	339	5	885594204
217	82	5	889069842
80	886	4	883605238
68	118	2	876974248
215	151	5	891435761
112	750	4	884992444
188	474	4	875072674
20	11	2	879669401
20	176	2	879669152
23	404	4	874787860
22	227	4	878888067
79	508	3	891271676
152	147	3	880149045
162	121	4	877636000
315	431	2	879821300
210	502	3	891035965
76	135	5	875028792
318	648	5	884495534
75	121	4	884050450
217	195	5	889069709
284	906	3	885328836
46	690	5	883611274
155	748	2	879371261
318	508	4	884494976
274	288	4	878944379
263	333	2	891296842
188	191	3	875073128
119	313	5	886176135
131	845	4	883681351
33	307	3	891964148
37	183	4	880930042
17	508	3	885272779
174	396	1	886515104
235	511	5	889655162
100	355	4	891375313
106	828	2	883876872
115	228	4	881171488
150	246	5	878746719
179	751	1	892151565
157	1132	3	886891132
166	322	5	886397723
253	183	5	891628341
261	117	4	890455974
112	748	3	884992651
170	245	5	884103758
26	257	3	891371596
121	86	5	891388286
292	653	4	881105442
48	690	4	879434211
180	79	3	877442037
255	879	3	883215660
119	716	5	874782190
101	282	3	877135883
177	919	4	880130736
232	705	5	888549838
122	715	5	879270741
261	259	4	890454843
188	88	4	875075300
253	203	4	891628651
215	194	4	891436150
74	326	4	888333329
4	260	4	892004275
261	294	4	890454217
159	259	4	893255969
137	55	5	881433689
91	172	4	891439208
237	100	5	879376381
150	13	4	878746889
113	294	4	875935277
110	301	2	886987505
288	742	3	886893063
111	887	3	891679692
14	357	2	890881294
68	411	1	876974596
74	9	4	888333458
227	293	5	879035387
233	357	5	877661553
264	475	5	886122706
205	678	1	888284618
78	1160	5	879634134
127	380	5	884364950
203	336	3	880433474
186	406	1	879023272
143	331	5	888407622
179	258	5	892151270
75	1017	5	884050502
37	685	3	880915528
23	213	3	874785675
74	285	3	888333428
81	476	2	876534124
315	8	3	879820961
106	435	3	881452355
232	8	2	888549757
96	91	5	884403250
232	1	4	880062302
315	98	4	879821193
61	690	2	891206407
168	255	1	884287560
93	222	4	888705295
2	314	1	888980085
89	732	5	879459909
24	153	4	875323368
235	1464	4	889655266
32	249	4	883717645
69	258	4	882027204
54	820	3	880937992
255	185	4	883216449
226	180	4	883889322
274	25	5	878945541
208	204	3	883108360
232	275	2	885939945
323	333	4	878738865
202	515	1	879726778
108	13	3	879879834
148	172	5	877016513
65	676	5	879217689
50	475	5	877052167
188	159	3	875074589
164	597	4	889402225
190	147	4	891033863
185	127	5	883525183
150	1	4	878746441
75	147	3	884050134
138	493	4	879024382
288	1039	2	886373565
152	272	5	890322298
135	233	3	879857843
24	427	5	875323002
261	322	4	890454974
133	258	5	890588639
110	245	3	886987540
112	322	4	884992690
285	216	3	890595900
29	748	2	882821558
323	9	4	878739325
111	340	4	891679692
136	276	5	882693489
124	616	4	890287645
185	528	4	883526268
167	404	3	892738278
84	322	3	883449567
264	401	5	886123656
289	1	3	876789736
140	319	4	879013617
265	7	2	875320689
248	282	2	884535582
319	879	5	876280338
180	67	1	877127591
259	210	4	874725485
261	597	4	890456142
136	298	4	882693569
75	496	5	884051921
202	172	3	879726778
52	1009	5	882922328
65	97	5	879216605
190	751	4	891033606
162	685	3	877635917
152	25	3	880149045
281	332	4	881200603
159	249	4	884027269
76	811	4	882606323
74	237	4	888333428
81	411	2	876534244
15	20	3	879455541
14	22	3	890881521
208	514	4	883108324
289	815	3	876789581
73	12	5	888624976
28	234	4	881956144
96	519	4	884402896
247	751	3	893081411
45	472	3	881014417
323	127	5	878739137
235	319	4	889654419
216	143	2	881428956
304	271	4	884968415
157	283	4	886890692
261	339	5	890454351
48	308	5	879434292
321	631	4	879440264
32	591	3	883717581
73	475	4	888625753
215	22	3	891435161
101	369	2	877136928
237	211	4	879376515
257	258	3	879029516
53	845	3	879443083
3	323	2	889237269
155	321	4	879370963
106	213	4	881453065
167	1306	5	892738385
191	288	3	891562090
81	471	3	876533586
284	258	4	885329146
150	325	1	878747322
257	59	5	879547440
176	297	3	886047918
152	716	5	884019001
232	638	5	888549988
243	660	4	879988422
122	427	3	879270165
17	151	4	885272751
29	689	2	882821705
274	411	3	878945888
190	340	1	891033153
14	111	3	876965165
321	131	4	879439883
236	187	3	890118340
252	742	4	891455743
76	276	5	875027601
3	331	4	889237455
159	815	3	880557387
248	474	2	884534672
30	181	4	875060217
8	182	5	879362183
238	118	3	883576509
123	275	4	879873726
138	483	5	879024280
162	1047	5	877635896
216	577	1	881432453
91	423	5	891439090
167	603	4	892738212
126	878	5	887938392
245	222	4	888513212
168	235	2	884288270
243	225	3	879987655
148	1149	5	877016513
152	132	5	882475496
91	193	3	891439057
173	300	4	877556988
154	484	4	879139096
14	56	5	879119579
52	748	4	882922629
212	515	4	879303571
126	884	5	887938392
159	111	4	880556981
114	269	4	881256090
9	691	5	886960055
315	17	1	879821003
137	195	5	881433689
152	97	5	882475618
231	127	3	879965565
302	309	2	879436820
240	343	3	885775831
257	276	5	882049973
148	177	2	877020715
289	410	2	876790361
285	288	5	890595584
133	328	3	890588577
71	346	4	885016248
226	270	4	883888639
157	748	2	886890015
321	134	3	879438607
217	566	4	889069903
34	310	4	888601628
24	742	4	875323915
259	405	3	874725120
272	8	4	879455015
76	1129	5	875028075
148	185	1	877398385
227	126	4	879035158
157	150	5	874813703
106	69	4	881449886
173	322	4	877557028
115	234	5	881171982
80	50	3	887401533
236	143	4	890116163
243	129	2	879987526
162	230	2	877636860
236	686	3	890118372
17	9	3	885272558
168	295	4	884287615
48	603	4	879434607
209	269	2	883589606
71	285	3	877319414
31	302	4	881547719
172	603	3	875538027
118	174	5	875385007
118	433	5	875384793
315	230	4	879821300
253	747	3	891628501
81	273	4	876533710
203	294	2	880433398
117	1	4	880126083
103	117	4	880416313
321	523	3	879440687
248	185	3	884534772
217	1222	1	889070050
129	270	3	883243934
81	118	2	876533764
288	200	4	886373534
136	117	4	882694498
168	596	4	884287615
115	11	4	881171348
91	507	4	891438977
107	305	4	891264327
28	50	4	881957090
168	1197	5	884287927
34	259	2	888602808
149	327	2	883512689
205	984	1	888284710
218	194	3	877488546
100	750	4	891375016
115	762	4	881170508
190	717	3	891042938
142	189	4	888640317
100	266	2	891375484
265	279	2	875320462
159	323	4	880485443
126	258	4	887853919
179	316	5	892151202
321	615	5	879440109
136	14	5	882693338
192	1160	4	881367456
259	176	4	874725386
238	815	2	883576398
73	127	5	888625200
321	207	3	879440244
190	742	3	891033841
255	984	1	883215902
161	582	1	891170800
140	322	3	879013684
321	194	3	879441225
306	275	4	876503894
208	662	4	883108842
3	294	2	889237224
35	1025	3	875459237
148	501	4	877020297
121	121	2	891388501
288	182	4	886374497
277	24	4	879543931
127	268	1	884363990
37	56	5	880915810
209	258	2	883589626
54	313	4	890608360
204	748	1	892392030
182	293	3	885613152
69	56	5	882145428
46	333	5	883611374
212	511	4	879304051
154	286	4	879138235
306	319	4	876503793
265	472	3	875320542
54	325	3	880930146
123	22	4	879809943
131	274	3	883681351
266	874	2	892257101
219	179	5	889492687
206	903	2	888180018
152	125	5	880149165
123	165	5	879872672
206	362	1	888180018
52	498	5	882922948
316	213	5	880853516
80	87	4	887401307
323	546	2	878739519
123	606	3	879872540
138	285	4	879023245
251	55	3	886271856
129	272	4	883243972
32	276	4	883717913
257	289	4	879029543
255	258	4	883215406
8	79	4	879362286
162	298	4	877635690
30	289	2	876847817
260	319	2	890618198
220	306	4	881197664
51	148	3	883498623
53	924	3	879443303
247	271	2	893081411
141	125	5	884585642
167	675	1	892738277
100	288	2	891374603
162	222	4	877635758
283	83	4	879298239
176	272	5	886047068
237	499	2	879376487
164	689	5	889401490
306	1009	4	876503995
156	58	4	888185906
133	260	1	890588878
112	689	4	884992668
240	898	5	885775770
52	405	4	882922610
187	732	3	879465419
170	328	3	884103860
154	137	3	879138657
65	70	1	879216529
101	928	2	877136302
159	328	3	893255993
167	48	1	892738277
115	69	1	881171825
302	328	3	879436844
310	258	3	879435606
266	508	4	892258004
282	269	4	879949347
159	258	4	893255836
77	23	4	884753173
255	452	3	883216672
306	306	5	876503792
283	186	5	879298239
20	118	4	879668442
167	222	4	892737995
71	462	5	877319567
135	229	2	879857843
97	7	5	884238939
84	289	5	883449419
316	483	4	880853810
32	117	3	883717555
237	23	4	879376606
247	251	4	893081395
187	70	4	879465394
253	483	5	891628122
203	332	5	880433474
180	433	5	877127273
36	319	2	882157356
260	1105	5	890618729
175	31	4	877108051
252	9	5	891456797
199	473	4	883783005
73	474	5	888625200
93	845	4	888705321
135	294	4	879857575
168	411	1	884288222
180	121	5	877127830
179	895	5	892151565
176	305	5	886047068
206	333	4	888179565
37	222	3	880915528
103	144	4	880420510
50	1084	5	877052501
2	297	4	888550871
231	126	5	888605273
120	282	4	889490172
278	301	2	891294980
166	288	3	886397510
205	313	3	888284313
91	264	4	891438583
68	405	3	876974518
41	31	3	890687473
89	246	5	879461219
141	744	5	884584981
136	56	4	882848783
74	15	4	888333542
100	302	4	891374528
113	321	3	875075887
179	345	1	892151565
161	14	4	891171413
24	372	4	875323553
96	8	5	884403020
284	259	2	885329593
179	315	5	892151202
91	195	5	891439057
274	148	2	878946133
118	324	4	875384444
304	298	5	884968415
161	654	3	891171357
48	661	5	879434954
76	531	4	875028007
306	476	3	876504679
173	938	3	877557076
141	222	4	884584865
96	484	5	884402860
251	257	3	886272378
9	521	4	886959343
20	186	3	879669040
37	79	4	880915810
84	284	3	883450093
46	1062	5	883614766
121	174	3	891388063
20	172	3	879669181
108	125	3	879879864
240	301	5	885775683
89	936	5	879461219
282	271	3	881702919
135	227	3	879857843
74	126	3	888333428
45	127	5	881007272
53	228	3	879442561
2	290	3	888551441
274	275	5	878944679
321	521	2	879441201
134	539	4	891732335
77	498	5	884734016
48	210	3	879434886
321	224	3	879439733
150	127	5	878746889
284	339	3	885329671
274	496	5	878946473
252	129	4	891456876
75	820	3	884050979
9	487	5	886960056
68	178	5	876974755
185	237	4	883526268
243	275	3	879987084
120	25	5	889490370
165	304	3	879525672
69	1017	5	882126156
205	333	4	888284618
19	153	4	885412840
316	50	1	880853654
272	11	4	879455143
122	1268	2	879270711
251	109	4	886272547
164	458	4	889402050
225	136	5	879540707
41	486	4	890687305
78	289	4	879633567
31	135	4	881548030
219	13	1	889452455
220	288	5	881197887
100	340	3	891374707
209	242	4	883589606
248	181	4	884535374
206	288	5	888179565
76	100	5	875028391
35	242	2	875459166
126	332	2	887853735
220	325	1	881198435
24	662	5	875323440
108	282	3	879880055
187	427	5	879465597
122	708	5	879270605
283	70	4	879298206
122	212	5	879270567
304	681	2	884967167
118	176	5	875384793
182	237	3	885613067
242	934	5	879741196
233	958	5	875508372
284	682	3	885329322
122	792	3	879270459
31	705	5	881548110
242	1152	5	879741196
156	205	3	888185735
96	645	5	884403020
118	156	5	875384946
79	124	5	891271870
114	1104	5	881260352
187	28	4	879465597
68	245	3	876973777
134	748	5	891732365
243	223	4	879988262
243	13	4	879987362
233	48	5	877663184
285	628	2	890595636
277	9	4	879543336
41	751	4	890686872
113	262	2	875075983
323	7	2	878739355
157	127	5	886890541
76	258	3	875027206
141	932	3	884585128
226	480	4	883888853
272	172	4	879455043
19	313	2	885411792
179	354	4	892151331
278	98	4	891295360
155	294	3	879371194
140	334	2	879013684
251	258	3	886271496
316	549	5	880854049
206	1127	4	888180081
48	187	5	879434954
79	288	3	891272015
53	100	5	879442537
20	678	4	879667684
123	285	5	879873830
164	313	5	889401284
3	332	1	889237224
243	93	2	879987173
89	381	4	879459999
323	79	4	878739829
242	305	5	879741340
114	195	4	881260861
129	313	3	883243934
261	748	3	890454310
141	472	5	884585274
191	896	3	891562090
4	356	3	892003459
96	64	5	884403336
209	351	2	883589546
241	307	4	887249795
141	535	5	884585195
162	42	3	877636675
278	525	5	891295330
245	94	2	888513081
126	323	3	887853568
227	9	3	879035431
89	127	5	879441335
8	294	3	879361521
17	1	4	885272579
79	937	2	891271180
127	286	1	884364525
206	896	4	888180018
135	54	3	879858003
52	257	3	882922806
241	750	5	887249576
107	321	2	891264432
323	1017	3	878739394
8	457	1	879361825
257	305	4	882049607
8	385	1	879362124
155	328	2	879370860
103	126	5	880420002
238	476	3	883576799
190	282	3	891033773
45	121	4	881013563
175	56	2	877107790
185	196	4	883524172
277	151	3	879543768
3	328	5	889237455
33	328	4	891964187
265	328	4	875320084
240	300	3	885775563
20	194	3	879669152
41	313	3	890685449
229	260	1	891632437
191	313	5	891560481
316	735	4	880854337
114	204	3	881260441
29	358	2	882821044
52	116	4	882922328
218	33	4	881288386
203	117	4	880434810
146	307	3	891457905
24	129	3	875246185
32	250	4	883717684
251	121	4	886272118
2	312	3	888550631
233	174	5	877661553
140	289	4	879013719
240	288	5	885775536
237	1192	5	879376553
79	269	5	891271792
238	181	3	883576336
204	258	2	892388976
310	832	1	879436035
209	898	3	883460304
220	301	4	881197948
133	315	4	890588524
129	339	2	883244737
157	273	5	886889876
89	117	5	879441357
283	588	4	879297965
187	792	5	879465340
277	129	4	879543653
32	246	4	883717521
191	307	3	891560935
171	245	3	891034801
137	327	4	881432671
136	847	4	882693371
156	12	3	888185853
190	300	4	891033606
155	325	2	879371261
9	286	5	886960055
111	326	3	891680131
260	1025	5	890618729
124	166	5	890287645
113	100	4	875935610
156	64	3	888185677
282	258	5	879949367
136	747	4	882848866
141	50	4	884584735
114	191	3	881309511
89	221	1	879441687
32	100	3	883717662
251	50	5	886272086
257	151	4	882050266
205	289	4	888284710
227	244	3	879035205
310	748	3	879435729
46	127	5	883616133
103	300	3	880416727
31	504	5	881548110
131	313	5	883681723
218	504	3	881288574
24	508	4	875323833
93	275	4	888705224
78	269	3	879633467
142	895	4	888640143
68	1047	1	876974379
127	227	4	884364867
68	1028	4	876974430
127	300	5	884364017
79	286	5	891271792
257	307	4	879029581
112	306	5	891299783
172	697	3	875536498
272	474	5	879454753
157	407	4	886891218
149	269	5	883512557
172	657	3	875538027
237	28	4	879376435
196	306	4	881251021
179	305	4	892151270
118	547	5	875385228
209	349	2	883589546
118	185	5	875384979
100	689	3	891375212
241	880	5	887249889
46	288	2	883611307
129	995	2	883245452
285	538	5	890595479
218	265	3	881288408
176	751	1	886046979
306	100	4	876504286
155	319	3	879370963
17	237	2	885272628
8	89	4	879362124
127	243	5	884364764
218	516	5	877488692
142	28	4	888640404
3	334	3	889237122
154	806	4	879139040
229	875	1	891632402
283	627	4	879297966
71	475	5	877319330
88	302	3	891037111
153	678	2	881370935
218	273	4	881288351
192	127	4	881367456
310	304	5	879435664
89	813	5	879461219
229	358	1	891632437
282	302	5	879949347
204	310	1	892389073
53	181	4	879443046
238	300	4	883575836
3	350	3	889237076
247	257	4	893081396
191	328	3	891562090
114	157	2	881260611
52	657	5	882922833
154	202	3	879139096
111	1024	3	891679939
229	286	4	891633029
218	695	3	881288574
218	762	4	877489091
33	343	4	891964344
114	183	5	881260545
147	269	4	885593812
71	222	3	877319375
205	326	4	888284454
31	498	4	881548111
51	132	4	883498655
8	190	4	879362183
196	238	4	881251820
2	281	3	888980240
156	192	4	888185735
259	762	2	883372151
245	112	4	888513575
80	45	4	887401585
173	294	5	877556864
179	1316	3	892151489
316	1084	4	880853953
53	199	5	879442384
274	546	3	878945918
137	261	5	882805603
33	258	4	891964066
176	250	4	886047963
137	50	5	881432937
225	64	4	879539727
170	333	4	886190330
153	64	5	881371005
120	9	4	889489886
316	614	2	880854267
209	1105	2	883589568
175	176	3	877107255
237	98	4	879376327
143	328	4	888407656
45	1061	2	881016056
103	222	3	880415875
243	713	3	879987495
257	50	5	882049897
227	276	4	879035251
196	663	5	881251911
107	258	4	891264466
111	269	5	891679692
304	322	4	884968415
136	313	2	882693234
136	1142	4	882693569
112	347	1	891302716
265	409	3	875320462
136	223	4	882848820
208	302	1	883108157
105	258	5	889214306
156	137	4	888185735
114	507	3	881260303
259	12	5	874809192
283	42	5	879298333
283	24	4	879297867
2	13	4	888551922
131	1	4	883681384
33	313	5	891963290
142	362	3	888639920
247	272	4	893081381
241	332	3	887249841
134	300	3	891732220
108	181	3	879879985
199	242	5	883782485
46	313	5	883611274
153	22	2	881371140
45	476	3	881015729
278	347	4	891294932
156	317	4	888185906
153	127	3	881371140
285	168	4	890595900
93	476	4	888705879
226	7	4	883889479
260	300	3	890618198
204	292	5	892388857
20	405	3	879668555
137	222	5	881432908
172	485	3	875538028
304	275	4	884968264
2	280	3	888551441
45	276	5	881012184
124	157	2	890287936
205	258	3	888284313
146	262	4	891457714
149	305	4	883512658
41	170	4	890687713
289	473	1	876790576
120	257	2	889490979
88	321	1	891037708
247	111	5	893097024
134	258	4	891732122
108	121	3	879880190
204	315	4	892388857
171	327	4	891034835
108	275	5	879879739
199	324	1	883782509
226	169	5	883888892
146	1294	4	891457749
304	288	3	884966696
80	58	4	887401677
260	272	3	890618349
71	56	5	885016930
30	678	2	885942002
142	350	4	888639882
47	321	4	879439040
304	682	3	884967520
61	342	2	892302309
284	313	3	885328727
199	322	2	883782636
46	328	4	883611430
284	344	4	885329593
204	191	4	892513906
252	268	5	891455329
66	117	3	883601787
175	629	3	877107942
131	275	2	883681384
281	989	2	881200789
74	1084	3	888333542
226	283	2	883889811
199	678	1	883782636
165	419	4	879525706
283	216	4	879298206
166	258	4	886397562
126	322	3	887854777
227	117	2	879035493
149	312	1	883512950
127	748	5	884364108
103	527	5	880416238
88	881	5	891038103
182	172	5	876435435
212	191	3	879303830
41	746	3	890687019
192	301	4	881366490
41	435	3	890687550
226	14	5	883889691
124	79	3	890287395
204	286	3	892389046
33	895	3	891964187
220	343	3	881198738
129	307	2	883244637
108	237	3	879879796
265	181	2	875320180
107	300	1	891264432
41	98	4	890687374
31	493	5	881548110
2	303	4	888550774
156	211	4	888185606
166	343	4	886397882
219	303	4	889386799
182	864	4	885613092
66	471	5	883601296
208	430	4	883108360
74	100	4	888333428
131	14	5	883681313
172	478	3	875538027
173	260	4	877557345
265	15	3	875320574
281	538	4	881200520
113	327	5	875076987
30	1007	5	885941156
227	286	3	879035072
31	321	4	881547746
182	763	3	885613092
105	272	4	889214284
126	289	3	887855174
247	50	5	893097024
34	299	5	888602923
20	1	3	879667963
261	1025	5	890455190
9	6	5	886960055
113	976	5	875936424
142	89	3	888640489
260	326	5	890618349
219	546	4	889387867
265	742	5	875320542
36	882	5	882157581
36	682	1	882157386
310	257	5	879436576
208	381	3	883108873
199	988	1	883782655
266	272	4	892256705
310	14	5	879436268
265	125	4	875320516
80	269	3	883605009
37	24	4	880915674
225	143	2	879540748
29	1018	4	882821989
238	1190	3	883576603
149	308	2	883512658
134	339	2	891732507
30	255	4	875059984
310	274	3	879436534
302	307	4	879436739
260	682	4	890618537
41	69	4	890687145
172	183	5	875538864
80	194	3	887401763
281	877	4	881200643
31	514	5	881548030
61	1127	4	891206274
231	252	4	888605273
289	24	4	876790292
147	340	4	885593965
74	150	3	888333458
204	1194	4	892513906
124	226	4	890287645
196	111	4	881251793
17	245	2	885166209
114	496	4	881259994
113	322	3	875076044
134	259	2	891732393
107	340	5	891264356
129	269	4	883244011
192	252	1	881368277
71	923	5	885016882
203	326	4	880433398
155	286	4	879370860
9	479	4	886959343
50	286	2	877052400
165	69	3	879525799
278	22	5	891295360
36	885	5	882157581
80	423	3	887401643
196	580	2	881252056
133	322	2	890588852
30	286	5	885941156
9	340	4	886958715
229	349	4	891633028
88	301	4	891037618
108	21	3	879880141
302	879	2	879436960
50	9	4	877052297
51	64	4	883498936
120	924	4	889490290
51	679	3	883498937
302	270	2	879436785
105	307	2	889214381
199	294	1	883782636
66	597	3	883601456
88	315	4	891037276
9	527	3	886959344
199	111	3	883783042
226	9	5	883889811
146	347	3	891457493
182	423	5	876436480
219	132	5	889403668
182	121	3	885613117
229	750	2	891631948
30	688	3	885941492
245	411	3	888513425
111	272	3	891679692
80	699	3	887401533
227	116	4	879035347
19	310	4	885412063
182	100	3	885613067
285	313	5	890595313
33	292	4	891964244
146	313	4	891457591
225	172	5	879540748
149	896	4	883512689
173	242	5	877556626
51	496	4	883498655
120	405	4	889490580
149	310	2	883512689
50	125	2	877052502
165	181	5	879525738
127	449	4	884364950
219	114	5	889403091
105	286	4	889214306
30	28	4	885941321
127	288	5	884363851
29	678	3	882821582
147	751	2	885593965
175	183	4	877107942
50	123	4	877052958
66	280	4	883602044
165	651	5	879525961
261	359	5	890454351
173	1265	3	877557239
289	1016	5	876789843
175	669	1	877107790
238	220	3	883576560
252	275	5	891456464
149	301	3	883512813
285	902	4	890595584
231	846	4	888605274
88	261	5	891038103
182	471	4	885613216
231	151	1	879966209
192	340	4	881366535
166	300	5	886397723
124	96	4	890399864
36	269	3	882157258
140	258	3	879013617
319	302	4	876280242
304	893	3	884967520
146	688	1	891457749
171	1022	3	891034889
170	881	3	886190419
205	269	3	888284347
105	333	3	889214268
304	310	3	884966697
142	288	3	888639837
107	269	5	891264267
245	473	2	888513344
61	331	2	891206126
225	418	5	879540650
266	124	4	892258004
229	748	3	891632402
282	338	3	879949468
46	151	4	883616218
46	181	4	883616254
29	98	4	882821942
240	289	4	885775745
33	333	4	891964259
111	896	2	891680243
47	302	5	879439040
192	1405	5	881367456
4	294	5	892004409
212	286	4	879303468
29	259	4	882821044
146	302	4	891457538
149	689	2	883512950
61	243	2	892331237
147	690	4	885593965
88	690	4	891037708
46	1024	5	883614766
155	324	2	879370963
175	483	5	877107339
53	250	2	879442920
260	538	1	890618403
175	9	4	877108146
231	121	4	879966609
282	307	3	881702875
9	507	4	886959343
231	748	4	888605273
153	321	3	881370900
281	938	2	881200789
103	50	5	880416864
71	276	4	877319375
171	302	4	891034606
225	492	4	879539767
238	121	4	883576443
17	125	1	885272538
103	471	4	880416921
147	345	4	885594040
192	302	5	881366489
225	1443	4	879540778
171	344	3	891034889
19	692	3	885412840
192	257	4	881367592
266	313	4	892256705
289	685	4	876789373
220	286	5	881197663
165	332	4	879525672
124	550	4	890287645
231	405	4	879966609
282	294	4	879949525
35	259	4	875459017
212	179	1	879304010
19	382	3	885412840
146	300	3	891457943
134	892	2	891732532
241	292	4	887250084
71	289	2	877319117
153	56	5	881371140
212	197	5	879303795
4	288	4	892001445
242	361	5	879741340
166	894	4	886397905
241	350	2	887249889
34	245	4	888602923
53	258	4	879442654
19	201	3	885412839
266	283	3	892257897
166	323	5	886397722
289	405	2	876790576
171	313	4	891034835
36	268	2	882157418
242	291	3	879740593
143	347	5	888407741
278	269	5	891294959
220	682	4	881198014
319	267	4	875707690
302	258	3	879436739
129	258	2	883245452
202	484	4	879727153
146	346	4	891457591
282	305	4	879949347
107	302	4	891264296
171	268	4	891034684
35	877	2	875459099
47	292	4	879438984
205	243	2	888284758
247	1	4	893097024
278	173	5	891295360
120	245	3	889490633
149	321	2	883512856
212	427	4	879303795
120	286	5	889489943
302	299	2	879436932
247	151	4	893081396
35	680	4	875459099
252	740	3	891456738
153	216	2	881371032
33	751	4	891964188
111	333	4	891680028
281	258	2	881200457
241	313	4	887249795
260	362	5	890618729
88	904	5	891037276
4	50	5	892003526
240	336	3	885775745
171	306	3	891034606
153	323	2	881370900
36	310	4	882157327
35	322	3	875459017
252	100	5	891456797
34	332	5	888602742
219	935	3	889387237
93	235	4	888705939
120	252	3	889490633
140	325	3	879013719
281	322	4	881200789
202	173	2	879726914
278	306	5	891295043
241	887	4	887249685
225	245	2	879539315
133	304	3	890588639
242	1357	5	879741196
242	237	4	879740594
153	510	3	881371198
281	682	3	881200519
166	748	2	886397751
133	294	3	890588852
202	286	1	879726342
47	268	4	879439040
143	325	5	888407741
47	323	2	879440360
50	325	1	877052400
50	508	5	877052438
202	604	5	879727058
245	50	4	888513664
140	880	4	879013832
231	476	3	879966018
78	298	3	879633702
47	306	4	879439113
19	258	4	885411840
34	329	5	888602808
278	294	4	891295230
245	240	1	888513860
155	292	3	879371061
105	752	3	889214406
252	7	4	891455743
242	306	5	879741340
219	568	1	889452455
93	477	5	888705053
231	924	5	888605273
319	880	4	889816332
93	815	4	888705761
17	744	3	885272606
120	148	3	889490499
4	354	5	892002353
319	333	4	875707746
140	872	3	879013651
61	347	5	892302120
51	485	1	883498790
93	125	1	888705416
88	886	5	891038103
34	286	5	888602513
220	268	4	881197771
35	332	4	875459237
247	28	5	893097024
241	302	3	887249576
4	271	4	892001690
170	288	3	884706012
245	21	3	888513502
124	98	4	890287822
9	276	4	886959423
105	324	4	889214245
17	117	3	885272724
212	382	5	879303929
17	150	5	885272654
252	14	4	891456876
319	340	3	879975481
281	288	4	881200264
105	288	4	889214335
166	751	4	886397665
105	270	5	889214245
319	307	4	879975504
202	258	4	879726342
88	308	4	891037396
202	423	3	879727116
266	268	4	892256828
133	308	4	890588639
212	527	5	879303892
147	313	4	885593965
171	262	4	891034641
240	272	5	885775536
171	340	3	891034756
78	301	5	879633467
143	272	4	888407586
143	333	5	888407708
212	199	5	879303831
153	294	2	881370859
35	261	3	875459046
61	304	4	891220884
78	1047	1	879634199
281	333	3	881200457
266	285	4	892257940
242	1	4	879740362
146	258	4	891457714
34	1024	5	888602618
242	475	3	879740223
19	319	4	885411465
319	269	3	875707746
133	272	5	890588672
133	346	3	890588577
61	258	4	891206125
319	268	4	889816026
33	245	3	891964326
51	83	5	883498937
170	326	5	886623057
143	313	5	888407586
105	748	2	889214406
170	984	5	884103918
266	25	3	892257940
170	323	3	884293671
78	257	4	879633721
202	204	3	879727058
245	133	2	888513058
266	286	4	892256662
143	323	3	888407656
107	268	4	891264387
35	881	2	875459127
35	678	3	875459017
107	313	2	891264266
202	481	1	879726642
51	603	3	883498728
240	245	4	885775831
78	327	1	879633495
47	683	3	879439143
47	327	4	879440360
51	203	4	883498685
51	479	3	883498655
143	1038	3	888407656
143	294	3	888407708
