67	64	5	875379211
211	127	4	879461498
98	47	4	880498898
12	300	4	879958639
40	268	4	889041430
258	288	1	885700919
228	475	3	889388521
325	485	3	891478599
320	117	4	884748641
326	22	4	879874989
320	177	5	884749360
67	1095	4	875379287
67	147	3	875379357
40	880	3	889041643
320	294	4	884748418
327	191	4	887820828
320	399	3	884749411
320	202	4	884750946
183	241	4	892323453
98	163	3	880499053
328	9	4	885045993
327	533	4	887822530
320	284	4	884748818
326	186	4	879877143
326	480	4	879875691
211	300	2	879461395
327	461	3	887746665
320	1157	4	884751336
322	197	5	887313983
67	1	3	875379445
330	11	4	876546561
328	200	4	885046420
328	905	3	888641999
330	136	5	876546378
183	96	3	891463617
27	742	3	891543129
320	68	5	884749327
322	32	5	887314417
325	402	2	891479706
331	7	4	877196633
328	568	3	885047896
330	235	5	876544690
331	486	3	877196308
211	526	4	879459952
332	770	3	888098170
327	210	3	887744065
329	100	4	891655812
86	258	5	879570366
332	566	4	888360342
139	268	4	879537876
328	742	4	885047309
326	69	2	879874964
328	271	3	885044607
300	948	4	875650018
326	153	4	879875751
327	805	4	887819462
326	50	5	879875112
328	519	5	885046420
332	975	3	887938631
331	479	2	877196504
328	521	4	885047484
98	517	5	880498990
163	288	3	891220226
333	894	3	891045496
327	300	2	887743541
320	99	4	884751440
328	591	3	885047018
328	754	4	885044607
258	323	4	885701062
327	702	2	887819021
331	133	3	877196443
326	168	3	879874859
98	655	3	880498861
326	468	3	879875572
325	504	3	891477905
327	274	2	887819462
332	693	5	888098538
211	678	3	879461394
300	243	4	875650068
334	117	3	891544735
334	282	4	891544925
320	42	4	884751712
183	562	3	891467003
334	603	5	891628849
325	430	5	891478028
39	315	4	891400094
327	192	5	887820828
326	282	2	879875964
334	635	2	891548155
328	655	4	886037429
334	222	4	891544904
326	496	5	879874825
320	456	3	884748904
67	240	5	875379566
326	54	3	879876300
228	886	1	889387173
324	748	5	880575108
325	154	3	891478480
39	352	5	891400704
132	922	5	891278996
332	228	5	888359980
336	66	3	877756126
327	230	4	887820448
331	47	5	877196235
335	328	3	891566903
334	224	2	891545020
324	1033	4	880575589
322	50	5	887314418
169	301	4	891268622
211	181	1	879461498
329	512	4	891656347
183	405	4	891464393
338	494	3	879438570
332	229	5	888360342
334	229	2	891549777
339	132	5	891032953
334	52	4	891548579
309	333	3	877370419
334	1163	4	891544764
329	297	4	891655868
332	284	5	887938245
339	1030	1	891036707
332	232	5	888098373
330	584	3	876547220
67	405	5	875379794
325	179	5	891478529
324	471	5	880575412
169	174	4	891359418
334	93	4	891545020
12	82	4	879959610
228	288	4	889387173
327	558	4	887746196
338	211	4	879438092
342	1047	2	874984854
342	792	3	875318882
334	86	4	891548295
339	582	4	891032793
211	257	5	879461498
338	613	3	879438597
325	240	1	891479592
325	656	4	891478219
332	451	5	888360179
336	108	3	877757320
339	55	3	891032765
331	69	5	877196384
325	505	4	891478557
330	121	4	876544582
340	172	4	884990620
329	326	3	891656639
338	79	4	879438715
339	47	4	891032701
342	746	4	875320227
40	754	4	889041790
317	326	3	891446438
325	514	4	891478006
336	577	1	877757396
325	506	5	891478180
341	876	4	890757886
40	258	3	889041981
343	186	4	876407485
169	429	3	891359250
329	98	4	891656300
330	51	5	876546753
343	1107	3	876406977
343	55	3	876405129
330	215	5	876547925
344	479	4	884901093
40	340	2	889041454
324	597	4	880575493
163	56	4	891220097
339	856	5	891034922
344	306	5	884814359
12	96	4	879959583
339	288	3	891036899
169	879	5	891268653
332	233	4	888360370
332	673	5	888360307
344	278	3	884900454
339	30	3	891032765
12	735	5	879960826
39	258	4	891400280
344	39	3	884901290
345	1160	3	884994606
343	44	3	876406640
98	321	3	880498519
345	722	3	884993783
344	462	2	884901156
345	708	3	884992786
346	213	3	874948173
338	168	3	879438225
339	435	4	891032189
345	651	4	884992493
12	471	5	879959670
345	202	3	884992218
322	508	4	887314073
343	135	5	876404568
12	172	4	879959088
347	22	5	881654005
339	58	3	891032379
331	1100	2	877196634
340	435	4	884990546
317	350	5	891446819
344	215	3	884900818
322	479	5	887313892
345	367	4	884993069
273	328	3	891293048
211	310	3	879461394
342	764	1	875318762
345	402	4	884993464
12	143	5	879959635
347	501	4	881654410
339	226	2	891034744
344	181	3	884901047
55	144	5	878176398
86	286	3	879569555
86	319	3	879569555
342	288	5	875318267
344	97	3	884901156
342	591	3	875318629
343	82	5	876405735
169	603	5	891359171
343	569	3	876406421
343	47	4	876405130
349	411	4	879466232
27	596	2	891542987
348	628	4	886523256
348	370	4	886523621
344	1283	2	889814587
343	371	2	876405893
12	97	5	879960826
12	204	5	879960826
346	582	3	874951783
309	326	5	877370383
300	322	4	875650018
273	345	3	891293108
343	712	4	876406391
343	375	2	876406978
322	192	5	887313984
348	405	4	886523174
344	119	5	884814457
344	619	4	885770181
347	1035	3	881654522
340	1	5	884990988
345	88	4	884992940
336	619	3	877759833
354	462	3	891218116
317	300	4	891446313
345	48	5	884902317
348	240	3	886523839
341	294	3	890757997
169	172	5	891359317
354	133	3	891217547
345	174	4	884992367
333	66	5	891045515
354	242	5	891180399
342	723	3	875319659
329	129	3	891655905
345	473	2	884991244
354	257	3	891216735
330	447	4	876546619
338	204	3	879438063
331	190	3	877196308
258	313	5	885700778
342	607	3	875318963
183	483	5	892323452
354	463	4	891217575
347	416	3	881654715
351	340	1	879481424
55	56	4	878176397
358	469	4	891271063
340	405	5	884991817
346	245	4	875266665
352	55	1	884289728
360	334	4	880353736
354	694	5	891217299
346	62	3	875263634
347	79	5	881653890
346	4	4	874948105
363	391	2	891498811
27	925	3	891543245
340	204	4	884990004
98	70	3	880499018
211	687	2	879437184
342	1007	4	874984507
169	181	5	891359276
360	116	3	880354275
342	132	5	875319129
346	187	3	874948030
348	928	5	886523683
346	322	3	886273541
363	405	4	891497015
355	300	4	879486529
351	879	5	879481461
211	263	3	879461395
322	185	5	887313850
342	25	2	875318328
362	333	5	885019261
338	310	3	879437522
331	100	4	877196308
357	284	4	878951691
354	86	5	891218312
356	313	5	891405651
363	1495	5	891497278
363	1168	2	891496587
363	673	2	891496543
346	727	1	874947794
361	273	3	879441215
365	301	5	891303586
351	873	3	879481643
352	746	4	884290361
350	174	5	882346720
330	596	5	876544690
336	13	3	877756890
341	877	3	890758113
365	15	3	891304152
258	310	5	885700778
12	132	5	879959465
228	651	4	889388521
354	191	4	891217082
330	465	5	876547250
361	222	2	879441253
361	387	3	879441008
357	222	5	878951498
357	928	4	878952041
86	872	3	879570366
39	333	4	891400214
360	238	4	880355845
258	311	4	885700946
348	819	4	886523710
55	1089	1	878176134
367	1012	4	876689825
330	575	4	876547165
354	269	4	891180399
347	227	4	881654734
329	591	2	891655812
346	1110	1	875264985
329	79	4	891656391
273	311	4	891292905
363	288	4	891493723
300	328	3	875650068
356	937	2	891406040
132	137	4	891278996
347	144	5	881654186
365	1017	4	891304213
333	739	5	891045410
368	379	4	889783562
371	97	5	877487440
347	168	5	881653798
12	157	5	879959138
346	33	5	875261753
322	179	5	887314416
55	89	5	878176398
373	588	3	877098821
363	97	2	891496513
365	109	2	891304106
335	324	1	891567098
348	288	5	886522495
331	454	3	877196702
40	271	2	889041523
55	1016	1	878176005
373	694	5	877098643
373	707	4	877100378
336	405	3	877760374
360	309	2	880354094
363	616	3	891498135
346	218	3	875263574
370	56	2	879434587
27	298	4	891543164
371	175	1	877487266
349	105	2	879466283
86	889	5	879570973
363	102	4	891498681
374	1047	3	880394179
333	748	4	891044596
340	1133	5	884991742
355	310	4	879485423
358	482	2	891270510
333	98	4	891045496
347	609	4	881654064
350	1	4	882345734
348	1	4	886523078
322	89	3	887314185
372	159	5	876869894
363	316	3	891493918
354	847	3	891216713
258	893	1	885701099
361	26	3	879440941
336	202	1	877757909
374	126	3	880393223
367	250	5	876689824
336	864	1	877757837
361	275	4	879440694
363	906	2	891493795
98	209	2	880498935
373	724	5	877103935
337	106	2	875184682
354	480	4	891217897
338	604	4	879438326
341	880	5	890757997
367	246	4	876689612
336	395	2	877757094
365	258	4	891303515
378	554	3	880333540
329	515	4	891655932
273	902	5	891293008
273	900	3	891292873
378	63	3	880333719
347	465	3	881654825
378	367	3	880055002
67	121	4	875379683
347	208	2	881654480
373	598	3	877112076
368	50	4	889783678
40	303	4	889041283
372	219	5	876869481
329	258	3	891656639
324	298	5	880575493
27	281	3	891543164
361	652	4	879440346
350	228	4	882347598
374	685	4	880393307
366	853	5	888857750
378	202	3	880046229
183	225	1	891467546
374	231	2	880939228
67	1093	5	875379419
368	637	2	889783617
378	8	4	880045722
370	265	5	879434636
336	571	1	877756999
378	1267	3	880055740
86	300	3	879570277
377	443	4	891299078
374	591	4	880393095
352	182	5	884290328
67	151	4	875379619
373	139	3	877111422
348	742	4	886523078
374	129	5	880392846
375	44	3	886622131
378	52	5	880056491
373	154	5	877098919
359	250	4	886453354
373	2	4	877100416
378	356	4	880045989
361	148	1	879441324
329	269	4	891655191
374	356	3	880937876
55	678	3	878176206
379	69	4	880524754
331	277	4	877196384
365	908	3	891303638
374	977	1	883628189
379	705	4	888646088
169	308	3	891268776
336	117	3	877760603
378	1284	2	880318158
67	743	4	875379445
351	1316	4	883356883
361	949	4	879440774
380	176	3	885481179
373	849	3	877105005
183	250	2	891464352
361	1041	2	879441179
338	56	3	879438535
365	813	5	891303901
373	25	4	877100016
357	742	4	878951691
373	81	2	877100326
374	173	3	882158521
381	582	5	892696045
333	316	5	891044659
349	370	2	879466283
374	476	2	880394138
375	583	2	886622131
380	197	3	885478886
381	50	5	892696252
67	276	4	875379515
337	631	4	875429292
358	1529	3	891269584
360	511	5	880355994
365	124	4	891304039
381	212	5	892696982
337	257	3	875184963
381	281	2	892696616
379	202	5	880525259
86	1175	5	879570973
348	147	5	886523361
361	238	4	879440475
378	65	3	880046132
378	289	5	889665232
139	303	5	879538021
337	230	5	875185319
338	511	4	879438473
374	162	2	880396511
385	1367	5	880879193
377	354	4	891296044
385	209	4	879441853
380	530	5	885478886
139	458	4	879538578
340	418	5	884990669
355	882	4	879486421
379	637	2	880962047
367	760	4	876690021
357	294	4	878951101
382	127	3	875945781
350	530	4	882346161
163	64	4	891220161
356	689	5	891406372
362	258	4	885019435
352	216	4	884290390
387	1166	3	886483939
337	1133	4	875236281
385	606	4	879441599
372	635	5	876869445
360	14	5	880354149
360	134	5	880356025
387	56	5	886479649
364	690	4	875931309
359	751	4	886453467
381	647	4	892697133
366	448	5	888857990
348	975	4	886523813
358	643	3	891270091
385	221	5	881398053
361	498	4	879441416
369	948	2	889428228
322	318	4	887314280
385	524	5	880924359
365	287	4	891304301
387	218	3	886481687
169	260	1	891269104
387	180	4	886479737
357	7	3	878951537
360	195	3	880355715
366	672	5	888858078
388	313	5	886438122
387	514	3	886480515
385	4	2	879445260
386	455	3	877654961
359	831	3	886453402
387	199	4	886483858
380	132	4	885479186
389	955	4	880087599
273	690	4	891293008
340	265	5	884990470
351	313	5	883356562
356	272	5	891405651
385	367	4	879444640
387	414	4	886482969
381	191	5	892696757
309	324	3	877370419
55	254	2	878176206
379	520	5	880524908
340	186	4	884991082
371	24	4	877487500
387	692	1	886482928
387	520	4	886480446
372	200	5	876869481
349	847	4	879466507
380	177	3	885479082
357	833	4	878952341
371	177	4	877487135
337	742	5	875184353
387	58	4	886484065
183	1217	3	891466405
383	319	2	891192377
389	176	4	880165047
367	17	5	876689991
389	109	3	879915745
385	79	3	879441853
169	133	4	891359171
380	1449	4	885478845
360	303	3	880353526
381	495	4	892696186
352	4	3	884290328
211	286	4	879437184
387	942	4	886483906
385	262	4	884153000
357	291	4	878952137
380	587	4	885479274
335	245	4	891567053
390	990	4	879693608
382	546	2	875946234
386	121	3	877655145
379	732	5	880525995
322	194	5	887313850
350	153	3	882347466
340	526	5	884991396
389	1119	3	880088659
338	408	5	879438570
385	435	3	879443102
377	748	4	891296945
382	531	4	875946830
350	340	4	882346257
393	1219	4	889729536
349	744	2	879465785
389	249	3	879915991
389	613	5	880088038
350	657	5	882346663
380	186	3	885479355
357	235	4	878951691
368	396	2	889783617
380	241	2	885479997
389	160	4	880087897
380	313	4	885477859
379	616	2	890464337
367	774	4	876690049
211	876	2	879461395
341	948	3	890758169
372	183	5	876869667
392	178	5	891038945
376	237	3	879459054
364	1048	5	875931585
357	258	4	878951101
366	447	5	888857990
393	1034	2	889731413
379	554	4	880525678
360	237	4	880354484
380	172	3	885478334
368	551	4	889783617
389	204	4	879991017
352	96	4	884290328
300	261	3	875650018
324	1094	5	880575715
337	371	4	875236191
393	471	4	887744549
370	42	3	879435462
183	88	3	891466760
360	735	5	880356059
389	28	4	880165411
333	79	3	891045496
228	313	5	889387172
393	15	3	887744266
375	356	4	886622131
163	98	4	891220196
393	1285	3	889555176
393	318	3	887745973
356	748	4	891406500
379	8	5	880525194
382	276	3	875946029
393	126	4	887743647
340	181	4	884991431
139	127	5	879538578
333	180	1	891045191
394	67	5	881059383
393	402	3	889730187
365	894	1	891303760
389	124	4	879916053
385	340	4	879438647
169	127	4	891359354
394	42	4	880887152
393	1206	3	889730494
370	116	3	879434707
317	328	4	891446438
391	527	3	877399541
352	7	3	884290549
381	378	4	892696019
393	633	2	887746091
324	754	5	880575045
258	751	5	885700946
392	333	4	891037531
183	720	4	892323453
381	771	2	892696557
392	302	5	891037385
372	672	5	876869512
367	441	3	876690049
341	1527	4	890757717
393	539	3	891364757
163	234	3	891220137
228	650	3	889388662
383	505	4	891193042
389	111	3	879916053
368	436	3	889783562
377	288	5	891295937
398	514	4	875658794
379	452	3	880524614
258	315	3	885701004
357	125	5	878951784
390	989	5	879693677
368	219	2	889783453
397	7	5	885349913
351	984	5	879481675
362	312	5	885019504
394	1210	3	881060330
382	25	2	875945880
399	813	3	882512003
390	124	4	879694232
382	171	3	875946639
398	227	2	875908666
398	181	4	875652318
333	88	5	891045551
309	938	4	877370383
382	474	5	875947199
388	56	3	886441015
371	237	5	877487052
396	841	4	884646648
364	321	2	875931478
86	881	2	879570218
381	129	4	892697628
372	148	5	876869915
369	271	5	889428642
398	504	3	875722071
401	486	4	891033184
396	291	4	884646289
398	69	5	875659191
335	260	3	891567159
372	1083	3	876869878
228	87	1	889388662
368	288	3	889783453
352	173	1	884290361
371	179	3	877487364
365	7	2	891304213
382	290	4	875946830
383	464	4	891192986
356	328	4	891406241
396	148	4	884646436
369	988	3	889428228
351	538	4	879481495
399	219	3	882345454
398	481	3	875659441
397	1019	3	885349715
379	402	3	880524943
55	685	1	878176134
399	591	3	882340599
351	1105	4	883356833
391	188	3	877399658
27	121	4	891543191
402	257	4	876266701
370	657	3	879434636
388	816	4	886441248
399	284	2	882512342
366	185	5	888857750
399	1314	3	882349198
335	269	4	891566808
384	272	5	891273509
375	684	4	886622066
399	8	3	882510165
395	151	3	883765297
228	204	3	889388662
368	96	3	889783678
399	1228	3	882345500
163	97	4	891220019
370	705	3	879434666
381	652	5	892696252
40	243	2	889041694
399	459	4	882340807
366	860	2	888858078
353	286	5	891402757
396	751	3	884645648
403	111	4	879785974
405	56	4	885544911
362	336	2	885019468
367	665	5	876689738
367	436	4	876689962
399	73	3	882343731
396	260	3	884645754
401	117	3	891032563
394	568	5	880888167
405	592	1	885548670
352	181	4	884289693
368	567	3	889783617
39	900	3	891400159
397	108	4	885350045
400	328	3	885676490
405	1582	1	885548670
392	258	2	891037531
383	474	5	891193072
382	183	3	875946672
405	171	1	885549544
405	580	1	885547447
405	1409	1	885549045
392	1143	4	891038158
405	953	3	885546487
273	319	4	891292846
309	303	2	877370319
399	486	3	882510290
391	264	1	877398704
398	12	3	875658898
367	100	5	876689878
396	1025	4	884645839
392	492	4	891038979
405	994	1	885549746
405	387	1	885546680
368	17	5	889783562
337	135	5	875236512
383	321	5	891192376
132	275	3	891278915
399	924	5	882340678
394	174	5	881057914
384	355	4	891274055
364	289	3	875931432
406	48	5	879792811
392	165	5	891038433
405	1432	1	885549942
401	638	4	891033158
405	190	2	885546201
402	111	4	876267041
324	283	3	880575531
371	55	4	877487364
406	479	4	879445771
392	23	5	891038466
394	88	3	880889400
392	293	4	891038137
359	295	3	886453325
391	56	5	877399745
366	436	5	888857932
401	199	3	891032896
353	271	2	891402567
55	405	1	878176134
402	255	4	876266948
375	761	3	886622131
370	209	5	879435461
397	194	3	885349348
383	641	4	891192778
392	179	5	891038946
40	333	4	889041402
139	246	4	879538218
406	664	2	884630973
309	1393	2	877370383
370	12	4	879435369
355	336	4	879486529
392	276	4	891039049
395	172	5	883763041
383	425	4	891193181
139	508	4	879538255
406	823	3	879540147
398	199	4	875721548
163	286	3	891219977
401	135	1	891032919
258	873	5	885701062
370	238	4	879435369
402	480	5	876267206
383	475	2	891193137
407	433	4	875117053
409	65	4	881108777
402	764	3	876266985
404	687	3	883790465
407	205	4	875045371
372	441	4	876869512
86	327	4	879570218
398	423	5	875659319
352	234	4	884290549
372	874	4	876869238
359	273	4	886453325
388	5	4	886441083
335	678	3	891567251
406	962	4	879445810
372	547	5	876869481
401	609	3	891033625
40	345	4	889041670
27	370	4	891543245
183	159	4	892323452
395	315	5	886480875
377	100	3	891298589
398	50	5	875652927
341	292	5	890757659
409	1295	1	881105367
409	1242	2	881106087
409	50	5	881107281
383	663	5	891192778
406	239	3	880131608
352	657	4	884290428
409	223	4	881107539
377	751	3	891296044
370	175	3	879434804
350	324	4	882345384
391	26	5	877399745
386	50	4	877654961
139	286	4	879537844
413	222	4	879969709
409	48	2	881108455
407	196	4	876340318
406	156	5	879446062
407	50	4	875045268
403	121	5	879786221
397	988	1	875063722
407	249	2	884614788
401	519	4	891033158
384	689	4	891274232
391	180	5	877399066
406	318	5	879792811
376	269	5	879454598
367	334	4	876689364
369	181	5	889428642
409	288	1	881104647
406	496	4	879445378
388	147	4	886436871
391	134	4	877399171
406	605	5	882480749
409	200	2	881109175
406	85	2	880131875
409	99	3	881107750
376	289	3	879433599
382	475	3	875946103
324	332	3	880574766
416	125	5	893213796
401	499	3	891033319
408	689	3	889680045
402	16	3	876267096
410	300	3	888626538
358	896	4	891269077
407	211	4	875044400
370	511	4	879434804
416	724	4	886316409
398	520	5	875717106
27	246	4	891542897
350	616	4	882346383
391	197	5	877399380
337	235	3	875184717
400	300	4	885676230
404	333	2	883790286
416	250	4	876697074
409	197	3	881109215
228	427	4	889388547
413	271	4	879969027
411	172	5	892845604
401	273	2	891032334
416	874	1	876696853
98	938	3	880498624
375	443	4	886622024
401	322	2	891031784
401	111	4	891032296
324	127	4	880575658
407	231	3	876342031
407	785	3	876341444
376	275	5	879455143
417	3	4	879646344
417	781	3	880951559
371	746	4	880435397
377	154	5	891298627
412	318	5	879716918
404	269	4	883790750
349	455	2	879465712
300	872	5	875650068
410	312	2	888626881
27	978	2	891543222
391	357	5	877399486
416	348	3	886314660
375	1073	2	886621950
409	497	3	881168631
394	218	4	880889187
27	475	2	891542942
397	1018	4	882839517
417	597	3	879646413
397	178	5	885349759
417	1095	3	879649322
416	356	5	893213019
397	221	4	885349348
412	218	3	879717147
416	578	4	886318546
382	98	3	875946563
359	117	4	886453305
351	359	4	879481589
40	347	2	889041283
86	879	2	879570149
416	69	4	876699027
390	100	5	879694123
417	551	3	879649224
391	15	4	877399805
163	318	4	891220161
394	227	4	881132877
228	655	4	889388489
413	306	4	879968793
163	216	3	891220196
412	28	4	879716962
420	331	3	891357271
383	603	5	891193242
300	257	4	875650267
416	272	5	893214332
350	176	4	882347653
422	109	2	875130204
411	651	4	891035278
371	663	5	880435238
416	1188	3	886318953
391	97	4	877399301
413	124	5	879969734
417	147	4	879646225
412	202	3	879717016
410	882	3	888626612
416	210	5	893213918
337	229	3	875185319
366	218	3	888857866
388	184	4	886441083
417	83	5	879648132
394	773	4	881060053
417	423	4	879647118
417	120	2	880949763
412	175	4	879717286
417	578	3	879649610
397	334	3	885349348
417	1044	3	879648939
394	161	4	880888850
349	823	4	879466156
395	632	5	883764845
425	271	5	890346597
419	1451	4	879435722
377	323	2	891297001
396	678	3	884645838
415	1524	5	879439791
397	325	3	882838853
422	671	4	879744143
425	424	2	878738956
364	288	4	875931432
425	748	3	890346567
400	259	3	885676490
27	515	4	891543009
349	475	4	879466479
423	744	4	891395655
411	182	3	891035278
422	559	3	879744085
390	740	4	879694123
425	191	3	878738186
413	297	5	879969484
422	922	4	875130173
273	321	4	891293048
411	209	4	891035550
335	347	5	891567004
376	762	4	879459207
317	271	3	891446575
350	211	2	882347466
422	184	4	879744085
407	217	4	875044400
400	895	4	885676452
402	7	4	876267068
415	154	4	879439865
407	428	3	875553154
132	124	4	891278996
407	616	3	875553018
39	345	3	891400159
273	303	4	891293048
425	227	4	878738597
383	86	5	891193210
429	73	3	882387505
358	132	5	891270652
422	919	5	875130027
349	237	2	879466062
428	307	4	885944110
412	427	4	879717016
351	292	4	879481550
412	92	3	879717449
429	64	4	882384744
39	306	3	891400342
394	450	3	881132958
427	938	5	879701253
402	127	5	876267014
356	300	3	891405978
317	331	4	891446190
390	181	4	879694198
429	86	5	882384579
412	436	4	879717649
427	682	5	879701325
397	1298	3	885350543
418	362	1	891282765
427	341	5	879701253
366	164	5	888857932
423	237	4	891395448
423	315	4	891395141
309	242	4	877370319
309	306	2	877370356
362	268	2	885019435
98	116	5	880499053
376	14	4	879454914
358	357	4	891270405
429	1222	3	882387074
420	19	3	891356927
429	495	3	882385358
349	412	1	879466366
335	271	4	891567029
422	854	4	879744014
98	745	3	880498935
309	300	3	877370288
404	327	2	883790366
404	748	4	883790430
408	683	3	889679982
402	126	4	876266741
424	1346	4	880859519
429	511	5	882385542
432	222	4	889416012
421	474	4	892241389
435	780	2	884133284
424	25	4	880859723
429	628	3	882385808
228	327	1	889387216
375	566	4	886621985
425	39	4	878738335
418	313	3	891282680
429	45	3	882385118
395	174	5	883763561
425	185	2	878738853
429	1016	4	882386217
421	443	5	892241459
429	735	4	882387757
411	1470	3	892845746
432	295	3	889416352
402	234	4	876266826
421	156	5	892241458
366	443	5	888857866
424	261	3	880859115
433	302	5	880585028
428	690	5	885943651
371	174	4	877487751
426	480	5	879444473
435	240	3	884133818
349	9	4	879465477
432	620	4	889416352
359	24	3	886453354
139	307	4	879537876
436	238	3	887769693
435	299	4	884130671
425	318	2	878737841
430	10	4	877225726
359	270	4	886453467
396	274	4	884646263
426	603	5	879444472
422	325	2	875129692
402	151	5	876266984
429	1119	3	882387653
333	276	4	891045031
400	689	3	885676316
432	742	4	889415983
324	258	4	880575107
434	1060	3	886724733
435	380	3	884133026
369	114	5	889428642
437	165	4	881002324
386	546	2	877655195
436	161	4	887771897
432	111	4	889416456
426	493	4	879444473
362	288	4	885019304
418	301	2	891282738
426	504	4	879442083
428	340	4	885943749
419	705	5	879435663
258	243	3	885701024
337	450	2	875185319
428	316	4	892572382
421	124	4	892241344
404	892	2	883790550
438	476	5	879868664
437	1121	5	880140466
139	222	3	879538199
375	39	3	886622024
437	708	4	881002026
423	272	5	891394503
415	243	1	879439386
422	258	4	875129523
437	1404	2	881002263
437	190	3	880140154
390	713	4	879694259
427	680	5	879701326
431	286	4	877844062
351	990	5	879481461
413	255	3	879969791
437	419	5	880141961
434	815	4	886724972
442	401	2	883388960
437	14	5	880140369
390	304	5	879693561
422	126	4	875129911
428	875	4	885944136
404	294	4	883790430
432	237	5	889415983
435	431	3	884131950
427	300	4	879700908
423	310	3	891394558
436	73	4	887769444
436	411	4	887771022
359	455	4	886453305
435	1034	2	884134754
435	462	5	884131328
436	174	3	887769335
440	690	4	891546698
437	655	4	881001945
442	385	3	883390416
426	1116	4	879444251
353	300	3	891402310
411	405	4	891035152
435	443	3	884132777
442	31	3	883391249
442	182	4	883390284
353	316	5	891402757
426	608	4	879444081
423	323	3	891395047
435	693	3	884131118
333	873	3	891045496
445	597	1	891200320
425	183	3	878738486
317	245	4	891446575
445	195	2	890987655
436	132	1	887769824
435	756	3	884134134
426	633	4	879444816
427	302	4	879700759
436	454	4	887768982
396	106	4	884646537
422	1017	4	875130063
412	4	3	879717253
418	304	4	891282738
430	527	4	877226209
386	7	3	877655028
425	825	2	878738643
432	50	5	889416012
442	54	3	883391274
447	1034	2	878854918
445	410	1	891200164
411	196	4	892845804
421	915	4	892241252
396	930	3	884646467
438	1028	2	879868529
395	365	5	883766403
437	1262	3	881002091
435	746	4	884132184
442	98	4	883389983
425	38	3	878738757
421	194	4	892241554
86	288	3	879570218
449	971	4	880410701
377	219	3	891299078
447	121	5	878855107
359	313	5	886453450
366	573	5	888858078
449	381	4	880410777
408	748	5	889680073
395	121	3	883765731
450	470	5	887139517
300	100	3	875650267
450	783	3	882399818
437	173	4	881001023
421	200	3	892241687
447	218	4	878856052
445	823	1	891200624
437	755	3	880143450
420	283	5	891357162
450	1147	4	882374497
412	135	4	879717621
341	288	4	890757686
390	331	2	879693723
423	258	5	891394747
376	98	5	879454598
356	892	1	891406241
132	154	4	891278996
432	411	3	889416044
426	614	4	879444604
445	628	1	891200137
359	1	4	886453214
446	332	3	879787149
356	333	5	891405978
445	919	1	891200233
375	300	4	886621795
450	100	4	882374059
388	117	5	886436756
449	291	2	879959246
396	328	4	884645813
436	133	3	887768982
439	125	3	882893688
404	313	5	883790181
450	58	3	882373464
450	142	5	887835352
431	748	4	877844377
430	656	4	877226365
413	628	4	879969791
395	892	3	883762681
428	332	4	885943749
450	801	4	882469863
442	554	2	883390641
445	204	3	890988205
445	1591	4	891199360
450	216	5	882373657
450	785	3	882395537
426	211	4	879444320
450	162	5	882395913
418	269	5	891282765
384	343	3	891273716
447	70	3	878856483
395	255	3	883765731
450	144	5	882373865
431	538	4	881127620
445	408	3	891199749
163	347	4	891219976
432	274	3	889416229
449	137	5	879958866
395	924	4	883765156
451	289	1	879012510
419	173	5	879435628
442	14	1	883389776
376	274	3	879459115
452	25	2	875559910
442	39	3	883390466
411	168	5	892845604
375	218	3	886622024
433	173	4	880585730
258	748	5	885701004
442	229	3	883391275
447	69	4	878856209
317	268	3	891446371
442	452	3	883390169
449	286	4	879958444
371	98	5	877487213
423	1134	4	891395684
388	310	5	886438540
452	523	2	887889774
410	286	4	888627138
413	260	1	879969148
454	493	2	888267617
453	1032	1	877561911
451	269	2	879012647
454	1063	4	881960029
414	100	5	884999439
413	301	3	879968794
414	264	3	884998993
453	421	4	888203015
412	173	5	879717649
355	307	4	879486422
445	123	1	891200137
432	546	3	889416657
451	323	4	879012510
452	1109	2	875273609
453	125	3	877561349
447	823	3	878855165
454	182	3	888266685
447	544	4	878854997
451	882	1	879012812
454	418	3	888267128
341	887	5	890757745
436	658	5	887769673
453	98	4	877554396
452	152	2	875264826
455	135	5	879111248
39	300	3	891400280
438	15	4	879868242
444	50	5	890247287
413	7	3	879969614
445	12	2	890987617
449	1009	4	879959190
403	258	4	879785703
454	633	2	881959745
454	181	3	881959187
448	1294	1	891887161
452	495	4	875560508
439	14	5	882893245
432	1047	5	889416118
436	433	5	887770428
436	1206	3	887769868
447	148	4	878854729
452	134	3	875265446
423	269	3	891394558
423	15	4	891395573
452	736	3	887890174
440	886	5	891550404
362	294	3	885019357
448	360	4	891887338
423	348	3	891394910
377	164	4	891299009
395	64	5	883763958
453	248	4	887942143
408	258	3	889679857
455	629	3	879111371
273	305	4	891292905
335	288	4	891566952
433	50	5	880585885
377	1105	3	891296275
448	262	4	891888042
457	182	4	882396659
447	234	4	878855782
454	161	4	888267198
456	175	3	881372946
358	59	4	891269617
426	429	5	879444081
414	294	2	884999128
440	1038	5	891550404
433	325	2	880585554
428	343	2	885944093
410	748	2	888626857
453	246	5	877552590
451	294	5	879012470
420	302	4	891356790
444	751	4	890247172
426	486	3	879444604
55	257	3	878176084
98	173	1	880498935
447	100	5	878854552
449	282	3	879958953
439	13	3	882893171
388	326	5	886438122
390	328	4	879693677
55	273	5	878176047
452	435	3	885476560
458	1101	4	886397931
447	68	5	878855819
390	289	3	879693677
451	300	4	879012550
430	129	5	877225547
355	872	4	879486529
458	144	4	886396390
456	715	3	881373697
451	872	2	879012857
457	704	4	882397240
455	293	4	879109110
364	269	4	875931309
457	636	4	882548466
454	487	4	888266565
454	484	3	881960445
317	323	2	891446819
424	9	5	880859623
457	443	4	882396989
444	906	4	891979402
462	682	5	886365231
457	775	3	882551021
459	934	3	879563639
452	191	5	876299004
453	697	4	877561235
317	351	3	891446819
388	690	5	886438540
39	347	4	891400704
457	192	5	882395018
427	319	3	879700486
449	1194	4	880410624
434	406	3	886725027
454	87	4	881960296
384	347	4	891273509
455	755	3	879112189
457	708	4	882398002
458	648	4	886395899
456	943	4	881372946
454	1299	2	888266991
460	10	3	882912371
455	282	3	879109664
438	50	5	879868005
384	748	4	891274028
452	641	3	875266415
456	294	1	881375667
457	366	4	882549287
462	895	4	886365297
438	9	4	879868005
461	50	3	885356089
404	328	4	883790749
452	61	1	887718917
421	238	5	892241576
457	500	5	882553112
335	333	4	891566952
459	596	3	879562939
460	327	4	882912418
431	879	3	877844489
459	194	3	879566291
335	258	1	891566808
139	1176	4	879538080
457	243	2	882393104
451	360	3	879012858
457	527	5	882553113
364	875	3	875931585
467	1017	2	879532403
438	321	5	879867960
449	224	4	879958758
468	926	2	875280331
355	358	4	879485523
273	315	4	891292846
431	323	3	877844559
458	191	5	886396192
466	308	1	890282957
439	242	5	882892424
355	242	4	879486529
404	342	3	883790750
430	253	1	877225484
468	461	4	875291570
456	448	3	881374586
430	237	5	877225965
139	296	4	879538218
460	257	2	882912342
458	318	4	886397771
411	451	4	892845634
468	642	3	875291403
413	326	3	879969027
459	1060	1	879563668
356	326	4	891406193
459	216	3	879566321
430	547	2	877226365
472	401	4	875982727
456	662	4	881374710
453	356	2	888205866
465	202	4	883531487
458	387	4	886398246
472	11	5	892790676
420	137	4	891357104
459	134	3	879564941
456	210	3	881374849
376	197	4	879454598
461	302	3	885355646
463	1132	1	889937778
472	193	5	875981789
358	918	1	892731254
430	234	4	877226323
428	750	5	885943651
369	168	3	889428494
410	313	5	888627137
449	212	5	880410624
472	877	3	892789947
459	358	2	879561783
309	331	5	877370356
472	258	5	892790953
471	95	4	889827822
463	455	3	877385457
456	274	3	881371977
414	678	1	884999066
474	8	5	887925497
472	168	5	892791062
433	682	2	880585431
471	140	5	889827918
411	770	4	892845634
472	449	5	875982967
309	1025	5	877370356
466	354	2	890282795
410	289	1	888626819
465	114	4	883530190
455	738	3	879112238
456	187	4	881372911
453	1157	2	888206576
403	546	3	879786221
474	602	3	887926436
459	357	4	879564308
456	1248	3	881374767
460	744	3	882912261
386	1016	4	877654961
455	724	3	879111500
444	916	3	891979403
317	313	4	891446208
472	826	3	883904224
456	979	3	881371694
403	925	4	879790468
410	538	3	888626710
465	216	3	883531284
469	513	5	879523891
300	456	4	875650267
460	275	3	882912261
403	148	5	879786351
464	289	4	878354626
460	20	4	882912469
469	855	4	879524302
466	181	4	890284857
472	1011	4	875979187
474	410	2	887915645
476	715	4	883364745
419	488	5	879435722
418	344	1	891282521
458	530	4	886396005
408	300	3	889679857
472	233	4	875981759
403	181	4	879785916
474	480	5	887925186
474	68	3	887926804
476	792	4	883365019
478	143	5	889396797
411	186	5	892845605
358	382	2	891269913
474	736	3	887927509
473	273	5	878157329
421	657	4	892241422
458	178	4	886398187
474	1014	3	887916567
463	250	4	889935953
466	188	3	890284766
474	528	5	887923924
463	950	3	877385590
453	73	4	888206132
463	225	3	877385489
466	265	3	890285159
376	663	3	879434750
464	678	3	878354722
455	56	5	879110844
458	319	4	889323714
472	931	2	883904681
461	259	2	885355679
474	176	5	887923972
428	313	5	885943749
424	294	5	880858979
455	20	3	879109594
386	281	3	877655145
446	269	4	879787730
474	518	4	887926633
438	269	4	879867960
418	331	3	891282521
364	988	2	875931561
468	39	3	875296309
449	293	4	879958803
388	678	4	886442062
451	243	4	879012510
463	24	3	877385731
478	122	2	889397778
455	334	3	892230883
427	263	5	879701253
463	347	1	889936589
455	531	3	879111291
474	735	4	887924619
463	242	2	889935629
421	89	5	892241362
418	302	2	891282551
466	128	2	890284819
424	14	4	880859552
470	475	4	879178568
421	466	4	892241459
476	1037	1	883365384
463	593	1	877386923
460	297	3	882912342
480	190	5	891208265
434	369	4	886724972
441	25	3	891036306
453	566	3	877561593
384	989	4	891273905
458	496	3	886398289
479	680	3	887064404
403	7	5	879785867
419	306	5	879435242
458	174	3	886397109
463	21	1	890453075
440	1073	4	891577814
478	318	5	889389232
464	269	5	878354626
465	50	4	883530778
430	744	3	877225965
479	228	4	879461060
403	123	3	879786112
484	235	2	881450160
484	550	4	891195390
440	1504	4	891578226
486	846	2	879875154
468	1008	4	875283843
484	70	5	891195036
468	209	5	875296309
461	682	1	885355705
451	262	1	879012647
465	198	2	883532119
341	358	1	890758050
484	195	5	891195349
467	50	4	879532385
444	1483	2	891978807
448	269	5	891887338
465	109	3	883532119
408	319	5	889679947
362	323	2	885019651
465	474	3	883531246
356	315	4	891405619
479	931	2	879460681
480	175	3	891208356
451	322	4	879012510
480	183	4	891208651
410	898	3	888627138
467	150	4	879532385
446	748	2	879787149
484	300	4	887519214
469	499	5	879524485
487	1044	3	884051761
459	978	2	879563435
428	301	4	885943782
463	410	1	890530286
487	56	4	883528441
403	866	4	879786294
459	322	4	879561679
486	471	5	879874969
448	292	4	891888178
427	1296	5	879701225
468	69	4	875291570
464	482	5	878355258
466	349	2	890283636
400	321	4	885676452
424	989	2	880859084
482	321	3	887644023
471	596	1	889827881
430	436	4	877226365
487	280	5	883444860
487	455	2	883444252
462	358	1	886365638
471	477	5	889827918
464	358	3	878354680
481	318	1	885828807
431	988	2	877844657
431	322	4	877844559
439	257	4	882893737
414	310	4	884998993
487	597	4	883444674
487	470	5	883530409
487	474	4	883445752
465	477	4	883530742
467	762	3	879532478
460	129	3	882912261
471	99	2	889827918
486	15	3	879875278
469	484	5	879524062
461	321	3	885355757
418	315	2	891282521
473	813	3	878157427
487	76	4	883530484
468	544	3	875280417
468	405	2	875280462
492	1021	3	879969415
415	328	5	879439135
408	286	3	889679683
461	1006	5	885355890
484	554	4	891195565
459	181	4	879562939
362	302	5	885019260
464	300	4	878354626
478	151	5	889388038
479	28	4	879461800
446	883	3	879786837
358	584	4	891269913
486	823	4	879875347
404	243	3	883790465
433	690	2	880585028
493	222	3	884130416
468	742	3	875280310
486	1014	3	879874784
444	300	4	891979402
403	127	4	879786221
484	25	3	881449561
470	1097	3	879178487
487	939	3	883446757
468	507	5	875295412
419	286	4	879435190
492	318	5	879969878
490	1	3	875427148
490	333	3	875427021
478	684	4	889396531
489	1293	5	891446623
424	683	3	880859084
384	878	4	891274962
465	481	4	883529984
434	546	5	886725076
486	221	4	879875040
483	237	3	878953019
433	748	4	880585491
471	588	1	889827881
490	9	4	875428765
132	56	5	891278996
478	673	3	889395696
428	289	4	885943981
493	284	4	884130619
487	1188	3	884045361
484	141	4	891195886
482	988	4	887643499
400	304	4	885676490
484	96	5	891195323
376	514	4	879434613
489	342	3	891445199
487	293	5	883441813
446	294	1	879786984
478	50	3	889396509
438	237	5	879868278
479	168	5	889126007
496	142	2	876067686
440	283	5	891577894
467	264	2	879532296
494	64	5	879541207
471	94	5	889828081
433	657	5	880585802
464	328	3	878354722
420	319	4	891357188
483	144	2	878954228
430	9	3	877225726
495	174	5	888632319
495	167	4	888636958
384	328	4	891274091
486	689	2	879874064
434	121	4	886724666
477	815	5	875941763
493	762	4	884130439
481	210	4	885828165
490	284	3	875427993
479	174	5	889125837
486	147	2	879875249
460	286	4	882910838
353	328	2	891402259
493	69	5	884130995
467	109	5	879532550
486	476	3	879875371
476	204	4	883364325
493	751	5	884129793
460	289	4	882910838
497	234	2	879361847
464	709	5	878355258
473	1129	4	878157507
473	257	4	878157456
486	620	2	879875441
479	325	1	879459791
433	60	5	880585700
495	71	5	888634111
484	755	4	891195825
362	328	2	885019504
484	53	1	891195663
440	512	3	891578059
497	840	3	879310679
488	480	3	891376110
498	475	3	881954617
493	61	4	884131263
470	294	3	879178237
476	232	3	883364250
495	139	2	888636810
478	282	3	889398216
440	515	4	891578301
495	674	3	888635995
470	824	4	879178731
415	56	5	879439865
496	64	3	876066064
434	275	3	886724633
497	1185	1	879363205
488	568	3	891294707
479	248	4	879460192
488	510	4	891294854
497	227	2	879310883
444	100	5	890247385
384	271	4	891283502
479	528	4	879461060
497	363	2	879310649
489	289	2	891366748
462	289	5	886365837
419	223	4	879435785
469	610	4	879523947
420	753	5	891356864
465	300	3	883529601
466	321	2	890282986
499	511	5	885599227
499	210	3	885599201
491	475	4	891185170
491	45	5	891189631
493	252	4	884130619
481	1089	3	885828072
498	176	2	881956498
477	280	4	875941022
427	874	5	879701326
39	313	4	891400159
486	874	3	879874297
427	245	5	879701326
362	264	1	885019695
493	431	5	884132037
493	121	5	884131690
467	268	5	879532164
495	153	5	888633165
460	532	3	882912370
364	294	5	875931432
462	332	5	886365706
434	220	5	886724873
495	89	3	888632888
446	880	2	879786943
408	288	4	889679791
386	515	5	877654961
479	135	4	879461255
500	111	4	888538350
492	492	4	879969512
424	275	5	880859410
496	526	3	876067597
369	50	5	889428642
493	82	5	884132058
497	566	3	879310941
420	275	5	891357071
476	72	4	883364433
502	892	2	883702867
488	748	4	891293606
497	465	3	879363610
464	333	4	878354761
480	203	4	891208520
434	125	5	886724708
424	689	1	880858887
420	251	5	891357070
500	781	3	883874776
446	326	2	879786943
466	331	5	890284231
503	181	5	879438319
502	301	1	883702370
418	258	5	891282551
493	100	5	884130308
440	323	1	891577504
488	434	4	891294785
503	1316	1	892667252
467	288	4	879532804
499	664	3	885599334
496	132	3	876065881
419	514	4	879435785
496	1074	2	876068100
489	292	4	891366693
433	194	5	880585759
438	121	5	879868328
479	55	4	879461207
415	180	5	879439791
495	478	4	888632443
446	311	2	879787858
424	243	4	880859115
469	136	4	879524062
494	183	5	879541158
465	496	3	883531246
489	321	3	891447845
495	658	3	888635380
500	1012	4	883865021
504	163	4	887840517
500	159	2	883876251
495	413	5	888636032
462	678	3	886365335
481	66	3	885828203
431	754	3	881127436
500	665	3	883876714
503	69	4	880383679
440	751	3	891549397
355	264	4	879485760
498	191	4	881957054
498	192	5	881957546
478	276	5	889388862
478	866	1	889388273
483	181	4	878950971
483	900	3	885170586
369	243	3	889428228
499	312	4	882995923
505	193	3	889334477
470	544	3	879178830
466	172	4	890284706
489	1238	4	891445352
497	31	3	879361802
500	836	5	883874290
446	288	2	879786838
466	566	3	890284819
497	540	2	879311007
499	347	4	885597932
506	470	4	874873423
495	797	4	888635524
482	289	3	887644023
386	222	4	877654961
496	183	2	876065259
500	1047	3	883865985
488	33	2	891294976
414	300	4	884999066
500	294	3	883864578
506	1046	4	874874396
497	242	1	878759351
448	303	4	891887161
488	198	4	891375822
504	546	4	887831947
444	678	3	891979403
488	405	3	891294014
355	360	4	879486422
505	140	4	889334129
448	884	4	891889281
443	271	4	883504682
448	896	5	891887216
469	641	4	879524241
497	575	3	879362985
419	257	4	879435503
499	181	3	885598827
499	514	5	885599334
505	989	1	888631438
470	268	2	879178216
448	268	3	891888367
476	765	4	883365442
431	307	3	879038461
478	354	3	889397221
464	194	5	878355259
498	127	4	881954219
505	591	4	889333676
504	66	4	887839165
488	58	3	891376081
506	479	4	874873571
341	1025	5	890757961
500	244	3	886358931
470	919	3	879178370
415	641	3	879439960
506	410	2	882100955
480	172	3	891208492
505	99	4	889333313
507	343	5	889964074
499	238	2	885599498
477	781	4	875941191
504	179	1	887839165
504	807	4	887839081
488	154	3	891293974
490	993	1	875427739
514	96	5	875311192
505	713	3	889334217
490	257	3	875428570
503	659	5	880472148
503	900	5	892667389
503	194	4	880472591
355	271	3	879486422
508	238	4	883767343
503	164	3	880472507
511	346	4	890004686
504	72	4	887840134
514	15	4	875309350
498	54	2	881961745
498	187	4	881955960
489	310	4	891449022
504	678	4	887831115
488	474	2	891294439
483	462	3	884047754
506	281	3	880198144
504	1263	4	887909532
477	709	5	875941763
467	257	4	879532512
480	615	4	891208185
504	581	4	887910623
438	181	4	879868005
506	229	4	874874895
415	754	4	879439311
489	881	2	891447586
499	482	2	885599182
469	153	4	879523891
438	118	4	879868529
500	971	5	883876093
384	316	5	891274055
503	127	5	879438161
506	494	5	878044851
500	469	4	883874813
506	465	4	874874630
505	245	4	888631349
446	888	1	879787859
461	269	3	885355705
506	560	3	874874458
515	344	2	887660131
469	605	4	879524302
470	950	3	879178645
496	318	4	876065693
470	546	4	879178950
489	457	3	891449254
498	474	4	881957905
512	265	4	888580143
515	362	4	887658844
513	117	5	885062519
475	286	2	891451276
504	370	3	887832268
506	385	4	874873944
400	749	4	885676452
523	114	5	883701800
415	479	4	879439610
505	748	1	888631208
512	23	4	888580248
504	1437	2	887911545
515	313	4	887658604
518	124	3	876823071
415	195	5	879439685
508	195	3	883767565
477	15	4	875941863
475	100	5	891452276
498	522	3	881956499
505	498	5	889334274
499	661	3	885599474
446	303	2	879787859
448	316	1	891887337
509	319	2	883590913
461	313	4	885355646
518	1047	4	876823266
494	237	4	879541375
499	215	4	885599475
473	547	3	878157600
473	10	3	878157527
516	199	3	891290649
505	187	1	889333676
518	291	3	876823926
494	1	3	879541374
510	289	2	887667751
132	175	3	891278807
434	756	2	886725027
476	781	4	883365135
505	468	4	889334096
494	199	4	879541158
470	93	4	879178518
514	429	4	875311225
524	151	1	884627327
501	25	3	883347773
481	313	4	885827861
525	1	4	881085964
470	221	4	879178370
443	323	2	883504866
521	81	1	885253861
471	418	3	889827757
524	205	5	884634707
524	89	5	884634533
514	746	5	875309276
524	660	5	884636152
483	250	3	878952837
524	285	3	884322168
503	173	5	880383357
467	240	3	879532773
163	433	1	891220137
475	347	4	891451341
506	1608	2	885135497
441	9	4	891035528
518	25	5	876823197
492	483	2	879969210
514	328	3	885180947
440	971	5	891577871
524	615	2	884637409
520	315	4	885169083
508	69	3	883776748
480	174	5	891208356
519	1617	5	883250102
496	156	3	876065933
514	189	5	875318291
508	144	3	883767728
386	833	3	877655195
419	181	4	879435807
483	249	2	878952866
523	382	5	883701018
508	735	4	883775341
525	123	3	881086051
523	153	4	883702054
511	292	5	890004686
528	485	2	886101872
480	483	3	891208293
515	690	2	887660131
492	127	5	879969879
498	197	5	881958414
528	239	5	886101632
433	59	5	880585730
469	530	5	879524376
518	919	5	876822967
480	234	4	891208769
494	191	4	879541158
508	172	5	883767157
524	650	2	884637528
483	449	3	878953593
532	58	4	888636374
489	271	4	891448706
507	338	5	889964348
530	527	4	883784654
531	990	5	887048789
524	1268	3	884637032
503	137	5	879438072
39	937	5	891400704
353	272	5	891402757
476	1188	2	883364780
524	605	1	884637566
496	633	3	876065822
524	182	5	884635031
518	284	4	876823324
514	47	4	875462645
502	683	3	883702867
467	100	5	879532420
532	603	5	893119491
524	603	3	884637376
477	88	5	875941085
529	325	3	882535693
464	705	5	878355258
419	89	3	879435722
483	313	2	884046430
501	307	4	883346651
483	271	3	881273325
508	188	4	883767325
480	319	3	891207539
496	97	1	876066848
476	238	3	883364324
496	380	2	876068433
517	284	2	892659923
511	313	5	890004702
509	50	5	883591878
527	152	2	879456405
527	956	4	879455847
485	289	3	891041551
532	95	5	893118711
491	19	4	891185209
489	272	5	891448367
519	352	5	883250148
532	70	4	888634801
507	826	5	889966127
514	402	4	875463245
439	405	4	882893323
476	944	2	883364813
408	315	5	889679715
533	949	4	879439519
508	568	4	883777237
507	1034	5	889966127
521	1016	3	884476002
532	369	3	874792142
502	294	3	883702255
502	879	3	883701980
473	276	4	878157404
509	288	5	883590443
533	477	4	880402957
532	216	5	893119438
503	54	2	879454950
498	258	2	881955080
501	324	4	883346694
473	508	2	878157456
521	179	4	885253708
514	175	4	875462426
533	1177	1	879192184
532	333	4	875441189
523	662	4	883703070
532	399	3	888630360
521	156	4	884478171
501	151	4	883348543
510	330	2	887667808
518	934	3	876823143
533	526	2	879191265
473	293	4	878157507
525	281	3	881086562
533	50	5	882902988
469	194	5	879524116
483	277	3	878952636
514	302	5	885180556
448	900	3	891887393
418	899	5	891282706
521	69	3	884477727
532	132	5	893118711
471	1	4	889827881
535	1	3	879617663
533	288	2	882901971
520	283	4	885170516
536	174	5	882359065
513	472	4	885062636
523	186	3	883703495
431	300	4	877844248
434	1051	3	886724453
527	588	4	879456289
514	748	2	875463906
528	58	5	886101994
480	347	3	891207605
507	117	3	889965997
492	124	4	879969345
535	286	2	879617123
535	519	3	879617931
533	103	3	887032538
439	282	3	882893859
535	515	3	879619224
502	890	2	883702945
527	28	3	879456289
533	275	4	887721848
526	7	4	885682400
527	615	4	879456312
485	347	2	891040688
473	1142	5	878157299
519	1280	5	883250102
532	746	5	893119438
533	328	4	887032063
533	595	2	887032451
517	300	5	892660728
532	769	2	888630531
527	963	4	879456030
537	28	3	886031438
535	789	2	879618613
535	836	5	879617746
533	245	3	890659336
512	1	4	888589126
482	298	4	887644085
490	123	2	875428570
490	764	1	875427993
537	526	3	886031720
535	165	4	879617613
420	288	3	891357271
527	127	5	879456132
536	274	4	882318394
534	1047	4	877808361
508	223	4	883767361
518	14	3	876822923
537	46	3	886031678
408	347	3	889679761
511	271	5	890004879
535	1093	4	879617931
491	657	5	891189306
408	539	1	889680018
507	323	5	889964809
439	93	4	882893737
490	126	2	875427812
520	1051	3	885170585
443	258	5	883504617
527	204	5	879455847
537	602	3	886031634
485	307	3	891040967
534	455	5	877807816
537	682	1	886029083
508	150	5	883767325
527	646	5	879455792
523	154	4	883702125
537	557	3	886032245
527	64	3	879456030
369	172	5	889428642
541	756	4	883866028
537	504	3	886030652
528	358	2	888520491
481	42	3	885828426
538	164	3	877108631
511	299	2	890004827
537	1065	1	886030738
512	198	5	888579920
515	288	4	887658604
492	97	3	879969210
509	680	1	883591252
508	13	4	883777366
535	171	3	879618414
481	596	4	885828773
535	506	5	879617819
473	268	5	878156932
477	255	5	875941763
537	150	3	886029974
537	203	4	886031437
537	177	3	886031506
523	516	5	883702863
513	546	4	885062601
535	662	3	879618414
521	153	4	884478086
542	206	2	886532602
530	535	4	886198575
521	100	3	884475872
501	127	5	883347773
526	269	5	885681886
525	829	2	881086393
512	318	5	888579569
541	654	3	883875215
441	15	3	891035699
512	11	5	888579520
523	242	5	883699464
521	230	3	885254250
386	117	5	877655028
542	396	4	886533112
518	763	1	876823994
527	1109	3	879455792
494	107	4	879541405
545	554	3	879899497
521	288	3	884475470
494	194	4	879541298
545	132	4	884134519
516	191	4	891290685
353	326	2	891402444
482	257	4	887644063
539	382	5	879787825
531	905	4	887049166
534	926	4	877807780
536	2	4	882360227
410	886	2	888627018
545	222	4	879899157
481	524	5	885829045
300	876	5	875650105
521	72	3	885254323
132	523	4	891278996
534	117	5	877807973
542	648	4	886532950
547	328	4	891282757
543	210	3	875721967
520	269	5	885168591
541	28	4	883864739
542	318	4	886532602
548	273	5	891044411
548	690	3	891042475
507	682	5	889964620
546	413	4	885140808
548	636	4	891044538
523	393	5	883702411
492	511	5	879969879
512	1459	4	888579569
548	276	3	891415512
545	399	4	879900794
522	100	5	876960824
410	328	3	888626786
542	214	3	886533452
521	241	4	885254006
522	96	3	876961076
443	327	4	883504593
518	547	3	876823645
490	15	1	875427739
510	325	1	887667575
517	1016	1	892607194
525	411	3	881086612
132	12	4	891278867
534	237	4	877808002
551	684	5	892783212
538	963	4	877363775
494	126	4	879541476
551	578	5	892784672
494	50	5	879541246
492	185	3	879969512
515	292	3	887659805
551	756	1	892784437
543	135	5	875667109
518	1017	3	876823071
544	326	3	884795580
542	746	4	886532838
525	300	4	881085217
471	969	2	889828154
519	335	5	883248595
546	928	4	885141132
543	982	3	877452676
481	507	4	885828773
543	83	4	877547441
548	322	4	891043509
543	95	3	874865728
530	156	4	883790381
523	83	5	883700870
551	405	3	892783612
542	508	3	886532762
439	288	3	882892424
364	262	3	875931432
548	264	4	891043547
553	505	5	879949107
526	315	5	885682102
545	210	5	879899158
516	523	3	891290649
543	79	4	877545356
511	294	4	890005011
494	748	1	879540720
544	312	2	884796086
552	13	3	879222238
541	210	5	883865575
551	552	3	892784259
551	13	1	892783411
545	101	4	879901538
439	475	3	882893220
490	1128	4	875428765
540	7	4	882157011
538	202	4	877108250
541	399	3	883866093
482	301	4	887643315
507	892	5	889964809
534	1028	5	877807816
545	73	4	879900121
554	28	4	876232758
528	751	4	888520371
492	86	3	879969454
553	511	5	879948869
132	127	4	891278937
536	143	5	882360425
547	316	5	891282797
550	259	2	883426119
556	327	5	882135508
492	64	4	879969539
515	329	2	887660131
511	333	4	890004778
519	349	5	883250148
559	524	3	891035917
550	405	4	883426027
501	1278	3	883348372
551	690	5	892775584
523	549	4	883703144
515	893	1	887660131
541	420	4	883874749
482	295	3	887644063
551	365	5	892784524
553	182	3	879949290
553	523	4	879948508
551	864	5	892785091
553	22	5	879949324
529	331	4	882535220
560	7	3	879975718
540	100	5	882156948
444	912	4	891978663
526	283	3	885682400
548	248	4	891043852
561	51	3	885810834
551	286	4	892775466
554	8	4	876550526
551	458	2	892784166
560	123	2	879976542
511	355	2	890004827
536	230	5	882359779
519	327	4	883248134
530	476	4	886198206
560	108	1	879976988
431	245	4	877844489
541	781	5	883866093
526	301	2	885682031
511	358	1	890004916
552	151	3	879222238
536	204	4	882359938
501	1534	4	883348743
501	298	4	883347950
512	313	3	888578289
561	164	2	885809626
545	710	3	879900227
369	166	4	889428418
534	591	5	877807845
545	228	5	879899266
481	435	5	885828510
542	8	3	886532908
540	50	5	882156948
553	1451	4	879949212
541	660	5	883865039
400	307	3	885676526
545	25	2	880348933
561	23	5	885807888
548	1051	4	891415677
501	844	4	883347023
554	582	3	876232758
541	699	4	883864985
554	229	3	876369907
509	751	3	883590443
541	423	3	883864985
556	496	5	882136252
536	441	2	882361018
543	199	4	875663056
530	1300	2	890627207
526	875	3	885682264
552	252	2	879222002
542	399	2	886533172
538	191	5	877106665
545	524	4	879900185
528	748	3	888520471
536	70	2	882359906
525	121	4	881085893
539	661	5	879788045
548	118	5	891415855
520	289	4	885169052
553	434	3	879948771
481	514	4	885829045
501	249	3	883348411
400	323	4	885676582
538	237	4	877109986
561	143	1	885810000
538	496	5	877107491
563	1035	4	880507204
554	696	3	876232023
542	265	4	886532238
519	909	5	883250148
566	177	4	881650654
563	692	5	880506842
556	192	5	882136440
550	892	2	883426119
548	887	4	891043442
543	694	4	874862966
515	243	3	887659667
534	1034	3	877808120
491	273	5	891188230
520	300	4	885168906
516	628	4	891290649
530	214	2	886202320
561	7	5	885808738
557	262	2	882458820
557	166	4	881179397
542	496	4	886532534
552	225	3	879221876
541	763	3	883866068
539	242	5	879787770
561	805	3	885810240
546	17	4	885141411
536	727	3	882359697
548	458	3	891415512
543	179	4	874862879
530	692	4	883784258
558	116	5	879436396
563	233	4	880507165
556	170	4	882136162
520	1028	1	885170476
526	270	3	885681860
561	1101	3	885808887
559	902	4	891035111
564	1399	2	888718470
560	1160	3	879976215
400	288	4	885676365
544	1280	3	884795542
566	395	1	881651672
528	423	1	888522642
530	328	4	886198454
565	52	5	891037524
552	336	3	879221267
563	401	4	880507108
561	151	2	885808843
536	265	5	882360300
573	194	4	885844431
507	147	5	889965997
552	322	3	879220760
549	866	4	881672573
567	1019	5	882425874
485	538	3	891040560
444	515	4	891979402
561	204	3	885808716
510	286	3	887667439
567	636	4	882427155
569	111	3	879793948
562	443	5	879196604
538	211	4	877109986
536	603	4	882359653
502	338	4	883702370
543	513	4	874863035
557	294	3	880484929
561	343	4	885807035
567	252	1	882427384
441	288	2	891035056
554	286	4	876231521
552	301	4	879220720
501	282	4	883348185
576	9	3	887168978
567	482	5	882425966
543	1262	2	876382812
567	615	4	882425932
512	97	5	888579520
529	873	4	882535091
550	255	3	883425388
561	584	3	885809781
471	8	5	889827881
491	190	4	891189631
510	294	3	887667681
546	672	3	885141438
577	471	3	880471640
573	143	2	885844339
540	109	4	882157194
573	192	4	885844535
554	546	3	876231886
415	480	5	879439960
573	127	4	885843596
553	478	4	879948964
525	237	4	881085893
539	19	5	879788007
567	613	4	882426927
513	265	5	885062919
563	367	4	880507083
553	482	4	879948831
579	1	4	880951740
574	300	4	891279012
519	336	5	883248595
485	341	4	891042027
560	203	4	879975613
577	229	4	880475094
528	193	4	886101873
517	283	4	892660728
511	895	4	890004863
567	302	4	882426300
547	301	3	891282680
538	195	4	877108919
531	323	5	887049081
519	1592	5	883250148
507	245	5	889964809
531	289	3	887048862
538	956	3	877107914
569	222	3	879794265
555	168	4	879975419
576	280	5	886985003
534	930	4	877808002
562	56	1	879195156
540	245	3	882157172
573	661	4	885844431
553	427	5	879948508
562	636	2	879195007
534	24	5	877807780
441	751	4	891035247
577	284	4	880470732
558	936	5	879436396
557	8	5	881179653
566	33	2	881650907
530	322	4	886203949
567	7	4	882426622
564	333	3	888718521
556	520	5	882136441
509	310	1	883590443
534	595	4	877807747
517	873	3	892660034
560	118	3	879976892
546	118	5	885141260
519	243	1	883250021
369	919	5	889428642
572	300	4	879449243
559	188	5	891034609
575	215	3	878148229
584	114	4	885778238
560	319	4	879975173
554	87	4	876550654
546	286	2	885139580
564	750	3	888718771
576	825	4	886986304
526	346	3	885681860
557	257	2	880485764
588	31	3	890015722
565	179	5	891037778
538	405	3	877109564
587	995	3	892871503
485	294	1	891041103
569	1	4	879793399
546	98	5	885141332
553	131	5	879948655
569	3	1	879795551
567	1131	4	882426601
557	508	4	880485956
567	1204	5	882427023
568	606	5	877907720
568	835	4	877907157
574	315	3	891278860
569	283	4	879793847
577	996	3	880475094
529	323	4	882535091
502	358	4	883702518
586	628	3	884064631
556	479	5	882136162
560	756	2	879977032
576	435	4	886986400
585	1488	4	891283921
587	748	1	892871438
562	462	5	879196074
559	73	4	891035812
560	864	3	879976970
519	263	5	883250102
522	523	5	876961133
588	721	5	890023722
546	288	4	885141260
550	323	5	883425465
577	204	4	880474338
517	111	3	892659922
549	50	5	881672199
520	274	3	885170516
462	271	1	886365928
560	260	1	879977973
565	212	5	891037453
560	423	4	879975586
556	48	5	882136252
439	1048	4	882893602
566	1232	2	881651126
567	221	5	882426927
526	147	4	885682503
569	25	4	879793785
586	665	3	884061256
538	98	5	877107012
529	292	4	882535180
564	827	3	888731038
507	827	5	889966088
587	327	3	892871252
132	484	4	891278807
485	245	3	891041782
582	948	1	882960718
540	741	3	882157797
530	50	4	883781669
566	8	4	881650690
552	1277	3	879222763
509	300	3	883590800
420	475	4	891357162
584	258	4	885774483
591	787	3	891031500
547	354	4	891282640
566	1193	5	881649548
585	1347	2	891285658
579	845	4	880952549
566	423	2	881649709
539	50	3	879788136
587	881	2	892871641
588	365	5	890028385
552	14	4	879221649
588	204	5	890015323
475	316	5	891627927
591	1017	3	891039616
581	50	4	879641698
587	875	1	892871462
546	346	5	885139634
539	131	4	879788159
587	349	3	892871400
574	321	1	891279285
552	717	3	879222368
528	310	3	888520371
575	322	3	878146541
555	87	4	879975505
592	418	4	882956551
516	310	4	891290565
580	825	4	884125339
592	124	5	882607986
592	50	5	882607872
586	148	3	884065745
550	993	4	883425426
566	83	4	881650148
592	204	5	882956158
582	246	4	882961082
586	39	4	884061623
491	340	4	891189716
555	480	4	879975474
579	83	5	880952360
549	252	3	881672538
577	662	4	880474933
592	297	5	882607844
590	285	5	879438735
530	178	5	883787080
515	315	4	887658604
574	258	5	891278916
585	582	3	891282894
566	480	4	881649471
509	260	2	883591195
577	117	4	880471359
579	528	4	880951708
539	483	5	879788101
546	436	5	885141438
592	79	4	882955583
414	272	5	884998953
586	756	1	884067105
593	633	5	875671081
364	319	3	875931309
592	969	4	882956718
586	559	5	884060807
540	742	4	882157584
511	880	5	890004778
583	83	4	879384338
569	126	5	879793909
568	269	4	877906547
517	369	5	892660727
522	173	4	876961020
569	924	3	879793784
540	150	3	882157036
576	181	4	887081041
596	678	3	883538965
570	303	5	881262256
525	412	2	881086757
592	20	4	882608315
599	682	4	880951079
568	194	3	877907671
587	879	1	892871536
593	392	3	886193788
550	300	4	883425652
525	332	4	881085178
577	684	4	880474394
576	70	5	886986361
546	458	1	885140689
525	1011	3	881086274
593	79	4	875671674
589	313	5	883352434
558	124	4	879435855
594	237	3	874784095
566	71	2	881650958
568	923	3	877906995
577	95	5	880474747
597	328	4	875339132
577	188	3	880474715
531	457	1	887049341
578	294	3	888957453
586	203	3	884059027
554	98	5	876550491
589	268	1	883352463
601	324	4	876346383
602	678	4	888638193
528	479	4	886101505
575	506	2	878148087
552	829	3	879222738
600	92	3	888451665
590	221	4	879439645
592	433	5	882956761
353	340	4	891401942
577	15	3	880470350
566	89	4	881650423
605	127	5	879366240
603	21	3	891956715
579	179	3	880952038
592	323	1	882607690
603	230	4	891955922
576	381	3	886986445
580	7	3	884124844
592	336	1	882607476
510	358	1	887667780
443	644	3	883505465
568	59	1	877906995
485	288	3	891041171
528	393	2	886101695
588	207	2	890025076
556	325	2	882135684
539	185	4	879788101
586	281	3	884062405
568	954	2	877907671
569	50	5	879793717
516	181	4	891290566
441	117	4	891035489
562	114	1	879195156
597	824	3	875342875
600	229	3	888451840
600	1110	3	888452564
414	346	5	884999037
517	269	3	892659922
509	879	1	883590913
559	204	3	891035708
600	127	5	888451492
562	191	5	879196176
579	1074	3	880952579
575	181	2	878148295
573	427	4	885844091
591	1099	5	891031203
485	313	4	891040423
554	69	5	876232682
559	514	4	891035633
583	663	4	879384338
568	185	4	877907834
544	332	3	884795437
582	250	3	882961000
575	507	2	878148137
586	219	3	884060705
558	508	5	879436396
529	269	3	882534996
554	228	5	876550011
593	211	4	875671198
603	174	3	891956927
559	294	1	891035519
579	168	4	880952142
555	1054	3	879964335
601	1073	2	876350230
555	546	3	879962551
601	181	5	876347039
485	321	3	891041275
569	151	5	879793948
588	432	4	890027113
580	148	4	884125773
586	187	4	884058566
601	834	1	876348381
589	288	5	883352536
603	173	4	891956877
444	271	3	891979403
482	311	4	887643340
568	1050	4	877907835
585	113	3	891283681
589	340	1	883352494
605	527	4	879424429
526	754	2	885681886
588	227	3	890028385
603	11	5	891956927
579	89	3	880952102
585	463	5	891284816
589	289	3	883352679
581	919	5	879643155
547	311	2	891282699
569	248	4	879793741
588	71	4	890024195
600	1228	2	888452490
529	984	4	882535353
593	210	2	875673181
539	367	3	879787801
601	419	4	876351263
587	347	3	892871223
509	687	1	883591489
522	79	3	876960824
593	5	4	875671525
588	1047	3	890031141
568	475	4	877907782
588	144	3	890024564
573	211	5	885843964
462	321	5	886365734
588	40	4	890026154
605	531	4	879424583
601	699	3	876350812
502	333	4	883701866
594	744	3	874783298
556	132	5	882136396
526	886	3	885682077
593	655	3	886193724
559	435	2	891035781
515	271	4	887658844
583	209	4	879384404
557	343	4	881095995
565	640	4	891037837
531	332	4	887048813
582	750	5	882960418
594	222	4	874783052
353	332	5	891402757
586	1407	3	884063080
562	720	4	879196483
600	227	4	888451977
550	254	1	883426119
597	300	5	875338983
587	261	3	892871438
600	554	4	888451977
599	282	5	880951657
573	478	4	885844674
568	525	3	877907720
603	172	5	891956139
593	172	4	886193379
599	873	5	880951174
589	995	1	883352562
583	265	4	879384522
573	69	4	885844091
591	191	5	891031116
593	1035	3	875671464
589	327	3	883352535
585	1512	5	891283000
558	19	5	879436396
600	2	3	888451908
583	12	5	879384522
559	4	4	891035876
550	846	2	883426119
562	480	4	879195126
580	358	4	884124472
579	98	4	880951804
520	678	2	885170330
509	258	4	883590526
557	254	4	880485908
461	121	2	885355890
580	300	3	884124103
559	315	5	891033635
601	623	1	876349897
510	687	2	887667752
512	191	4	888579747
482	876	3	887644023
557	271	4	881179557
575	173	5	878148258
601	176	2	876348820
540	125	3	882157011
602	304	4	888638022
540	1	3	882157126
582	258	4	882960396
585	863	5	891283000
574	272	4	891278860
573	480	4	885844481
597	1152	4	875339876
579	328	3	880951444
601	174	4	876348572
593	234	2	875660850
593	196	5	875670939
540	249	3	882157687
591	382	4	891031500
512	527	5	888579645
557	127	4	880485718
591	322	2	891031013
596	123	2	883539767
590	754	3	879438686
475	313	2	891451083
603	931	2	891956715
600	583	3	888451977
485	326	2	891041705
585	730	3	891285188
603	157	1	891957031
597	242	4	875338983
544	286	4	884795135
605	601	5	879426339
594	286	3	875917841
558	847	4	879436396
562	418	5	879195738
601	257	2	876347224
579	655	3	880952201
590	150	5	879438878
558	14	4	879436097
585	1266	3	891286059
559	191	5	891034139
582	826	3	882962652
441	259	3	891035211
475	259	5	891628024
601	276	4	876346890
580	329	3	884124191
565	730	5	891037837
589	678	4	883352735
516	902	5	891290565
585	1524	3	891283124
575	483	3	878148137
574	690	3	891279174
600	1407	2	888453083
477	25	5	875940755
517	597	4	892660034
583	268	5	879384094
591	740	4	891039974
539	153	5	879788533
570	245	1	881262497
555	249	4	879963127
585	212	5	891282894
589	259	5	883352631
562	501	5	879196653
580	1028	3	884125829
605	137	5	879425432
605	180	4	879424315
516	50	5	891290565
565	170	5	891037291
555	236	5	879962769
590	864	1	879439567
555	489	5	879975455
605	582	4	879424661
529	321	4	882535353
582	222	4	882961804
517	275	5	892660728
539	956	5	879788405
461	255	2	885355890
599	471	4	880953441
591	204	4	891031500
600	38	3	888452491
591	286	4	891030956
520	25	4	885170476
605	284	2	880762139
491	900	5	891189761
441	683	2	891035350
605	15	5	879427151
557	872	5	881095916
583	239	2	879384522
590	244	3	879439431
562	197	4	879196105
522	318	4	876961248
581	847	3	879641787
602	125	4	888638674
572	1010	2	879449683
441	1	5	891035468
510	881	2	887667838
573	205	3	885844674
414	258	5	884998953
414	260	3	884999193
441	405	3	891035507
555	7	4	879962172
522	133	3	876961314
565	855	5	891037628
555	285	5	879963127
596	258	3	883539011
597	988	1	875339237
603	100	4	891956776
590	276	4	879439645
599	1152	4	880951623
544	689	2	884795706
544	325	1	884796016
591	56	4	891031344
587	303	4	892871068
589	895	5	883352562
547	347	4	891282680
475	381	4	891627606
590	1017	4	879439196
510	678	4	887667780
482	127	4	887644063
578	380	3	888957833
510	259	2	887667708
572	1137	3	879449708
587	272	5	892870956
599	120	3	880953441
502	539	3	883701980
517	50	5	892660727
576	259	2	887168978
597	936	3	875343067
574	331	1	891279013
556	507	5	882136205
491	285	5	891185919
510	288	3	887667545
353	258	5	891402757
513	181	5	885062332
529	340	1	882535181
599	1095	4	880952316
564	121	4	888730534
589	307	1	883352402
522	128	4	876961133
599	934	3	880953441
550	538	5	883425812
580	294	4	884124337
550	310	5	883425627
580	123	4	884125199
491	1281	3	891186806
462	313	5	886365231
591	275	4	891039974
603	181	5	891956154
300	288	4	875649995
531	312	5	887048899
603	748	5	891956302
556	64	5	882136162
443	286	5	883504521
605	174	3	879424743
563	254	3	880506963
590	126	5	879439316
576	237	4	886985003
599	928	4	880953441
563	50	5	880507404
572	1171	3	879449734
599	988	4	880951211
443	678	2	883504818
549	288	4	881672605
491	236	4	891185919
570	302	4	881262145
594	14	4	874781173
462	310	5	886365197
597	298	5	875339723
462	315	4	886365837
414	301	3	884999128
520	242	5	885168819
605	754	3	879425457
529	1038	4	882535304
565	10	5	891037453
580	281	2	884126077
555	326	4	879962096
544	258	3	884795135
549	225	3	881672804
353	245	4	891402405
531	358	1	887049187
582	288	3	882960396
461	347	4	885355679
596	288	4	883538847
547	258	4	891282596
574	245	5	891279362
475	315	4	891452177
575	194	4	878148087
502	893	2	883702867
583	198	4	879384404
576	56	3	886986444
477	724	4	875941086
570	326	1	881262437
529	294	4	882535466
576	275	3	886985695
547	312	4	891282824
590	100	5	879438825
596	294	4	883539079
549	678	3	881671982
477	36	4	875941224
582	93	5	882960844
582	124	4	882961082
477	289	5	875941793
599	237	5	880951595
582	181	4	882961301
563	412	2	880507108
565	1018	5	891037862
597	293	5	875340939
564	345	4	888718521
597	15	5	875341758
572	476	4	879449573
522	430	5	876961314
531	327	3	887048718
594	126	3	874781173
584	172	4	885778080
574	302	4	891278860
443	687	3	883504889
574	1313	4	891278916
602	871	3	888638589
565	70	5	891037629
549	1047	3	881672700
590	1129	3	879438735
574	910	1	891279362
570	288	2	881262307
583	276	4	879384338
531	288	1	887048686
597	225	4	875342875
602	50	5	888638460
549	515	5	881672276
544	749	4	884795471
513	405	3	885062559
522	179	5	876961190
564	312	3	888718443
583	175	5	879384471
581	100	5	879641603
443	340	5	883504748
531	302	5	887048686
580	471	3	884125018
570	324	2	881262437
558	253	5	879436396
441	294	4	891035211
563	237	5	880506666
516	250	4	891290565
565	30	5	891037499
584	82	3	885778458
581	813	5	879641603
522	654	4	876960824
584	40	4	885778385
513	127	4	885062286
443	12	5	883505379
584	313	5	885773921
563	210	4	880507483
547	333	4	891282555
583	7	5	879384471
602	988	4	888638248
581	181	3	879641787
602	127	5	888638491
570	690	3	881262307
564	257	4	888731011
549	472	3	881672408
602	748	3	888638160
594	988	2	874780945
575	427	4	878148329
584	229	3	885774172
581	283	2	879642274
596	313	5	883538815
482	315	3	887643146
570	301	3	881262404
564	344	4	888718521
516	169	5	891290685
564	472	4	888730658
575	50	2	878148258
443	343	5	883504771
513	250	3	885062332
563	118	4	880506863
581	9	5	879641787
581	221	2	879642274
570	243	1	881262557
594	181	3	874781076
547	332	3	891282681
578	323	3	888957735
564	831	3	888730658
544	323	2	884796016
549	100	4	881672333
544	271	3	884795986
581	224	4	879641698
513	118	4	885062559
584	449	2	885778571
572	289	3	879449277
572	277	1	879449799
549	127	5	881672441
594	50	3	874783018
513	222	5	885062519
602	181	5	888638547
575	304	2	878146638
594	319	3	874780864
547	340	4	891282757
584	109	4	885778204
578	1264	3	890939815
558	20	5	879436396
572	121	2	879449610
602	148	4	888638517
572	13	4	879449763
602	895	3	888637925
584	165	1	885778780
596	13	2	883539402
581	1375	5	879641787
570	305	5	881262256
578	355	1	888957758
570	748	3	881262497
475	902	5	891451402
513	323	5	885062636
584	423	4	885778263
578	343	2	888957735
475	70	4	891627606
578	1098	2	890939753
475	50	5	891627857
558	1068	2	879435896
516	660	5	891290593
596	181	4	883539431
596	682	4	883539173
578	678	3	888957490
578	258	1	888957735
578	250	2	888957735
558	15	3	879436140
578	324	1	888957735
572	124	5	879449610
596	323	4	883538965
596	276	3	883539431
594	483	3	874786695
572	319	4	879449209
