595	1264	2	887588203
606	123	3	878143605
608	1172	5	880404636
607	487	4	883879213
606	418	5	880923745
608	490	4	880405824
606	15	5	878143729
606	241	3	880926246
606	186	5	880925290
608	1115	4	880406168
595	1067	4	886922069
607	529	4	883880027
608	661	3	880405927
610	315	4	888702764
607	107	4	883879756
611	300	5	891636244
617	637	3	883789507
606	147	5	880922503
608	150	3	880406299
618	204	3	891307098
614	126	4	879464183
595	1134	5	886921392
609	538	1	886895795
618	100	4	891308063
615	735	3	879448823
606	473	4	878149415
610	11	4	888703432
618	781	3	891309382
615	517	5	879449068
618	185	5	891308260
617	7	3	883789425
616	269	4	891224517
608	65	5	880406469
618	367	3	891309319
615	170	4	879447895
608	1153	3	880406623
620	71	5	889988005
618	93	3	891307019
614	287	3	879464456
610	751	4	888702795
611	350	4	891636399
571	496	3	883354886
618	182	4	891307289
618	28	4	891309887
608	9	4	880403765
619	245	4	885953743
617	860	1	883789635
614	25	1	879464376
613	258	5	891227365
622	2	4	882671363
621	404	3	874965496
621	567	3	874964991
619	117	5	885953778
622	845	3	882590291
606	1110	2	880927358
615	1021	5	879448119
615	886	2	879447692
608	69	4	880405702
620	444	3	889987682
606	620	4	887059014
622	797	2	882670862
619	39	2	885954083
604	444	2	883668175
622	106	2	882591172
617	396	1	883789590
621	542	2	874965093
615	87	4	879448780
606	96	5	880925074
617	565	4	883789635
622	756	3	882591321
607	86	4	883880079
618	96	3	891307749
624	471	4	879792493
608	276	2	880404975
612	926	2	875324789
624	278	4	879793545
620	1043	4	889988340
615	1192	4	879448715
606	210	3	880924557
595	289	4	886920602
620	930	2	889987875
616	300	4	891224644
619	809	1	885954238
627	26	3	879530824
621	833	3	880738462
623	50	5	891035112
628	270	5	880776981
623	275	5	891035112
621	263	1	883800011
617	294	1	883788511
622	284	1	882590670
625	748	3	891262561
622	993	4	882590809
615	259	1	879447642
614	117	3	879464352
627	699	1	879530263
608	162	3	880406862
621	147	3	880738282
621	107	4	880737311
629	284	4	880117719
595	1059	4	886921344
621	748	4	880226710
621	135	5	885596819
627	179	5	879530536
610	483	5	888702859
621	541	4	874964605
633	28	4	877212366
627	1004	4	879531504
595	825	2	886921606
622	730	4	882669509
618	2	2	891309091
621	451	1	874963028
615	289	2	879447670
625	739	3	891263665
618	237	4	891307343
614	100	5	879464119
622	755	4	882670211
619	403	5	885954159
632	188	4	879457857
622	479	4	882669668
624	864	3	879793198
620	268	4	889986452
623	523	4	891034756
622	12	5	882669468
620	565	4	889987682
617	132	1	883789006
615	644	4	879448599
620	465	4	889988232
620	768	5	889988069
632	288	3	879458977
633	1132	2	875325691
631	272	4	888464916
634	458	4	875729148
604	183	3	883668021
634	476	3	875729668
617	53	1	883789537
624	50	5	879792581
627	281	3	879531504
617	98	2	883789080
615	179	4	879447968
625	172	4	891263057
595	1094	3	886921820
634	237	5	877018125
639	88	3	891239638
624	346	3	885215462
634	273	3	875729069
627	210	3	879531248
624	271	3	879791884
595	928	3	886921820
630	294	4	885666018
639	242	4	891238514
634	405	4	877017872
627	144	2	879531158
630	934	3	885667624
632	622	4	879459418
620	294	5	889986557
627	1194	4	879529855
630	845	3	885666918
614	411	3	879465452
642	70	2	886132189
609	287	5	886894940
620	101	2	889988069
620	121	5	889987825
637	100	4	882902924
619	328	1	885953684
624	262	4	891961078
627	403	2	879530694
640	11	4	874777440
637	690	5	882900888
632	164	4	879458692
634	302	5	877974667
642	1039	5	885602630
612	878	2	875324400
630	717	3	885667661
610	216	4	888703291
642	951	3	886568618
617	606	3	883788929
628	330	5	880777096
642	38	4	885843141
623	815	2	891034053
624	748	3	879792109
626	288	3	878771243
613	303	4	891227111
617	488	4	883789386
612	1063	5	875325049
634	977	3	877018033
643	419	4	891448002
627	467	5	879530042
598	323	4	886711452
616	355	4	891224881
642	921	5	885603849
623	642	3	891034472
642	746	3	885602483
638	194	3	876695774
635	873	3	878878752
640	53	4	874778274
625	96	5	892000372
644	100	4	889076775
630	476	5	885667108
595	742	2	886921521
644	748	4	889076222
635	294	3	878878588
627	956	2	879530463
628	168	4	880777167
631	286	3	888465033
630	117	5	885666804
633	176	3	875325577
624	742	4	879793093
625	258	4	891262561
629	58	4	880117215
636	222	5	891449148
645	748	1	892052039
607	528	4	883879556
642	720	5	885606787
638	183	4	876694704
642	728	4	886131674
640	941	5	874778095
640	173	5	886354270
643	671	4	891446652
648	96	5	884368538
642	1469	4	886568725
610	527	4	888703801
625	151	3	891999874
595	763	3	886921551
632	71	4	879458649
598	349	4	886711452
633	526	4	877212250
642	132	3	885603636
633	143	4	877211134
640	38	4	874778612
630	278	4	885667508
635	300	3	878879107
630	1040	4	885667660
645	69	4	892053644
642	105	5	885606482
648	473	3	882211965
595	129	3	886921088
639	488	4	891240160
624	272	5	885215463
634	1008	2	877017951
632	25	1	879459418
648	288	4	882211654
630	127	2	885666536
633	288	2	875324233
624	952	3	879793129
638	472	3	876695307
634	919	2	877979309
609	878	1	886895827
639	306	4	891238550
634	286	5	877018125
634	124	3	875728913
647	554	4	876533810
644	300	5	889075967
650	630	5	891371061
625	428	5	891953755
644	823	4	889076997
626	324	4	878771281
612	9	3	875324876
604	234	5	883668097
639	58	3	891239296
650	517	3	891382033
648	298	2	884884466
643	154	4	891447286
625	692	3	892000518
637	829	2	882905070
648	674	3	884883476
638	50	4	876694704
633	778	2	877211886
632	202	4	879457712
647	748	4	876532501
643	229	3	891449640
650	514	3	891371020
651	292	2	879348881
604	185	2	883668175
648	304	5	884363798
628	302	5	880776981
639	170	4	891239790
612	924	5	875324710
632	28	3	879458649
639	487	5	891240566
637	831	1	882904961
629	9	4	880117485
630	871	2	885666918
619	62	1	885954185
639	462	5	891239838
639	659	3	891240111
645	179	5	892054600
643	1101	3	891448002
644	294	4	889076095
654	4	4	887864830
643	546	3	891445660
632	419	4	879457903
643	1149	3	891447835
639	709	3	891239581
653	164	3	878854633
639	553	3	891240868
644	257	5	889077278
604	413	3	883668175
648	586	3	884883149
653	573	1	880152843
630	25	2	885666779
637	595	3	882904537
619	241	5	885954083
650	843	2	891388266
653	402	1	880151488
636	596	5	891449212
623	204	5	891035112
637	280	2	882904679
653	444	1	880153329
650	747	3	891384202
638	410	4	876695774
629	528	5	880117395
653	50	5	878854100
625	602	3	891263057
654	423	4	887864432
629	1109	4	880117813
653	1044	1	880153304
609	901	1	886895886
648	188	5	884882664
655	274	3	888474872
631	346	4	888465004
611	303	3	891636073
632	58	3	879459210
648	105	3	882212560
647	326	3	876532517
653	272	4	893275949
650	552	4	891370031
655	126	2	887426732
651	306	5	880126473
648	154	5	884881621
638	127	2	876694861
650	1474	3	891385288
653	566	5	878854190
610	1558	3	888703475
607	847	4	883879638
640	385	5	874778569
655	693	3	888984506
655	1403	3	888813372
643	189	4	891447093
638	161	4	876695307
654	258	4	887863436
654	318	5	887864230
654	250	1	887863557
640	204	5	874777974
637	363	2	882904148
655	198	4	887428871
648	194	5	882213535
632	96	5	879457902
629	187	5	880117031
655	670	3	887430142
644	50	4	889077247
643	56	5	891446791
614	9	4	879464063
655	523	3	887427268
655	736	3	888685734
616	689	4	891224748
650	309	3	891369071
610	568	4	888703648
638	554	3	876695059
655	53	2	887429812
625	166	3	891960843
640	732	4	886354499
655	66	2	890887261
655	281	2	887426732
654	558	3	887864471
610	402	5	888704000
625	209	3	891262633
645	675	4	892053747
612	322	3	875324294
616	750	5	891224590
650	197	4	891372233
643	143	4	891447868
640	239	5	874778274
614	281	3	879464308
649	1	5	891440235
658	276	4	875145572
607	382	3	883880110
614	288	2	879463630
653	257	3	890181185
656	689	2	892319276
656	327	2	892318738
643	484	5	891448756
616	315	4	891224447
650	50	5	891372232
626	682	3	878771447
653	226	3	878867346
647	604	4	876537591
637	332	4	882900888
612	15	4	875324455
653	576	1	880152955
660	82	2	891200491
610	489	4	888703343
635	269	5	878878587
658	8	5	875147873
619	332	4	885953742
659	66	4	891385306
623	692	3	891034951
610	97	3	888703453
638	172	4	876694787
629	162	5	880117361
640	1073	5	874778299
638	181	5	876694787
623	483	5	891035112
650	521	3	891387616
604	201	3	883668352
629	269	3	880115840
660	392	2	891200072
629	332	4	880116722
658	257	4	875145667
654	821	3	887864907
614	546	1	879463965
629	204	5	880117285
646	690	3	888528417
644	243	4	889076364
604	670	5	883668352
645	1018	3	892053518
629	463	4	880117852
660	167	2	891201565
663	588	4	889493628
598	350	4	886711452
645	197	5	892055244
646	304	3	888529014
640	720	3	874778612
660	96	3	891200430
623	629	3	891034973
635	748	2	878878838
659	507	5	891383561
660	845	3	891198385
647	588	4	876531955
646	682	3	888529153
659	646	4	891332122
616	272	5	891224517
660	510	3	891199056
633	79	5	875325128
664	179	4	876523654
645	175	5	892054537
633	234	4	877212594
645	512	5	892055072
664	89	5	878092649
663	181	4	889493732
649	1016	4	891440511
645	523	5	892053686
659	601	3	891386241
638	144	5	876694861
656	245	1	892319084
663	1047	4	889492679
657	690	4	884238002
659	607	5	891331825
665	762	4	884290480
665	287	4	884290575
663	245	4	889491891
664	73	2	878090764
633	410	2	875325865
637	1374	1	882903447
598	313	5	886711452
614	1009	3	879464119
623	88	4	891034973
657	300	2	884237751
660	252	2	891198459
619	226	5	885954133
660	926	2	891201587
665	527	3	884294880
666	56	4	880139090
646	346	2	888528392
644	121	5	889077344
666	173	4	880139253
609	314	1	886895941
660	184	3	891200741
666	1047	3	880313858
661	183	4	876035466
645	658	4	892054632
661	132	5	886841714
663	411	3	889492877
663	658	4	889493467
662	515	4	880571006
664	433	3	876525998
661	131	3	886841714
637	111	3	882903645
659	272	4	891044849
660	473	2	891198996
660	97	3	891200406
644	326	5	889076148
667	234	2	891034730
666	122	2	880313723
658	1	4	875145614
667	285	5	891034810
619	1314	3	885954341
641	59	4	879370259
664	229	3	876526631
666	223	3	880314144
661	480	5	876016491
659	569	2	891386910
654	546	4	887863885
645	200	5	892054906
667	223	5	891034767
668	345	2	890349041
664	187	5	876524699
654	222	5	887863534
637	985	2	882905284
661	97	4	888299980
664	659	5	876526518
673	294	4	888787376
609	304	5	886895436
666	1170	4	880568352
662	291	2	880570487
667	301	1	891034513
654	66	4	887864727
664	118	3	876526604
631	289	4	888465216
671	947	3	884035775
662	50	3	880570142
669	505	3	891517159
661	118	4	876037058
668	231	2	881605433
663	956	4	889493732
676	265	5	892686703
647	631	4	876532425
663	7	4	889492841
641	514	4	879370062
659	602	4	891385986
654	69	4	887864641
663	117	4	889492390
658	137	3	875145572
674	127	5	887762799
666	203	4	880139180
666	182	4	880139526
666	638	3	880139563
628	938	5	880777095
664	478	5	878090415
647	117	3	876776321
652	323	3	882567100
646	683	3	888529014
666	183	5	880139180
677	286	1	889399113
668	307	4	881523762
682	924	5	888517627
628	874	5	880776981
609	908	1	886895699
623	234	4	891034343
613	471	3	891227410
665	343	3	884292654
607	180	4	883879556
663	11	5	889493628
659	258	4	891331825
666	4	5	880314477
667	435	3	891035104
664	1090	1	876526739
664	7	3	878091393
659	96	4	891384552
663	603	4	889493540
682	735	4	888517627
669	537	3	891517159
649	275	2	891440412
616	299	3	891224801
669	462	5	892550137
682	623	3	888523288
633	183	4	875325577
659	419	5	891331916
661	527	4	876035679
682	215	4	888517197
641	83	4	879370119
682	265	3	888520922
682	325	4	888521174
656	750	2	892318648
661	313	4	886829961
679	520	4	884487031
657	1009	4	884240629
665	177	3	884294374
668	258	2	881523929
598	750	5	886711452
671	250	5	875389187
682	68	5	888522575
613	64	5	891227204
673	288	4	888787423
684	64	4	878759907
669	169	3	891517159
682	352	1	888518424
665	684	3	884294286
685	269	3	879451401
665	1040	4	884291550
665	346	2	884289897
662	591	4	880570112
662	286	3	880569465
673	269	4	888786942
682	92	5	888519059
676	520	4	892686758
683	1483	3	893286346
682	351	4	888518468
691	603	5	875543191
684	147	2	878232961
682	1303	2	888522699
626	294	3	878771243
665	476	4	884291133
684	38	3	878759635
668	554	3	881702723
661	178	4	876013492
647	490	4	876532145
626	328	1	878771505
644	307	4	889076031
683	248	4	893286603
607	121	2	883879811
631	313	4	888464915
641	124	4	879370299
674	405	4	887762861
661	443	4	876035933
672	127	4	879787729
692	56	3	876953204
679	174	3	884486837
661	436	4	876036043
671	385	5	884035892
690	384	3	881177804
690	364	3	881178026
673	344	5	888787376
689	273	3	876676165
690	218	5	881179906
665	65	4	884293523
686	28	4	879546147
665	328	4	884290055
616	678	2	891224718
667	651	5	891034767
674	294	4	887762296
693	181	3	875483881
668	294	3	890349076
668	403	4	881605433
686	98	5	879546651
686	474	5	879545413
669	898	1	891182812
685	286	1	879447443
652	259	2	882567058
671	204	5	884204510
647	222	4	876534274
673	303	5	888787376
688	288	5	884153712
604	5	2	883668261
684	553	4	878760305
690	25	3	881177430
697	294	4	882621569
677	237	4	889399402
667	124	5	891035164
693	499	4	875484539
683	895	2	893284138
689	879	2	876674692
658	433	4	875147994
667	316	4	891034584
677	405	4	889399328
669	23	4	891260474
685	302	3	879451401
697	713	5	882622505
698	1063	2	886367406
670	482	5	877975285
690	210	3	881177581
626	243	1	878771505
684	48	4	875812176
626	286	5	878771242
669	257	3	892549514
685	991	1	879451282
626	988	1	878771281
686	425	5	879546651
692	1023	2	876954083
693	273	3	875481549
635	13	2	878879164
698	568	2	886367955
690	790	3	881177970
672	50	3	879787753
694	1050	3	875726759
690	80	3	881177778
658	96	4	875147873
680	20	4	877075273
677	148	4	889399265
683	268	4	893286261
705	1043	5	883427857
693	132	4	875484562
680	1012	3	877075214
705	578	3	883428276
690	276	3	881178293
611	896	3	891636152
670	651	4	877975070
701	285	5	891447139
693	131	3	875484953
671	233	4	883547351
671	581	2	884035173
693	480	4	875484454
694	432	4	875727513
699	748	2	879382698
699	100	4	878882667
694	191	5	875727749
698	512	4	886367644
658	458	3	875145926
692	285	3	876953204
704	205	5	891397819
671	23	4	883547351
669	326	1	891182678
679	288	4	884312660
647	328	3	876531582
707	14	3	880060118
609	258	3	886894677
692	692	3	876953130
700	181	5	884493523
704	209	3	891397667
671	188	2	884035992
685	319	2	879451401
697	331	3	882621431
686	187	5	879545481
685	340	2	879451401
704	354	4	891397015
692	287	3	876953130
687	245	3	884652276
695	300	1	888805767
657	151	4	884239886
693	289	3	889167919
675	306	5	889488487
658	772	3	875147591
697	298	4	882621940
683	511	5	893286207
705	58	2	883518834
697	301	5	882621523
708	322	3	892719062
671	748	3	875386402
707	663	4	886286979
607	45	4	883880079
698	83	5	886366731
684	161	3	878760137
686	180	5	879546147
609	288	2	886894677
670	945	4	877975285
709	219	4	879848120
704	381	3	891397713
707	256	4	880061024
686	172	4	879545181
707	716	2	886287051
694	196	5	875727226
628	305	5	880776981
609	125	4	886895193
693	1522	3	875483670
694	229	4	875728801
705	827	4	883427297
705	400	4	883427817
693	604	3	875484480
671	628	3	883950232
671	53	3	884034800
709	564	1	879848318
711	421	4	879993674
707	526	1	886287405
636	740	4	891449263
635	301	3	878878587
709	64	5	879846293
709	769	3	879848239
707	153	3	886286844
684	218	1	878232961
667	318	5	891034976
658	98	4	875147800
710	627	4	882064377
626	948	1	878771281
708	471	4	877325455
693	472	3	875484089
598	292	4	886710735
707	676	4	880060180
707	866	2	880060974
694	419	4	875729907
705	298	5	883426892
694	300	4	875726453
693	427	4	875484908
705	622	4	883427778
684	88	4	878761788
699	1	3	878882272
686	504	5	879545662
686	357	5	879545549
704	316	4	891397015
712	747	3	874730552
612	237	3	875324455
683	264	2	893283997
704	604	5	891397366
656	347	4	892318488
673	347	4	888787290
694	684	4	875730313
694	193	4	875728435
669	521	4	892550196
680	276	5	877075135
626	289	1	878771281
700	144	4	884494252
646	319	3	888529054
683	286	2	893282977
676	751	4	892685695
695	307	4	888806120
715	228	3	875963486
701	316	5	891446857
571	124	4	883354760
713	310	4	888882133
668	286	4	881523612
667	1101	3	891035015
713	539	3	888882085
715	202	5	875962931
698	497	3	886367473
690	85	1	881177430
707	640	2	886287471
707	302	4	886285168
716	318	5	879794962
613	28	3	891227262
713	1656	2	888882085
699	321	3	879383009
668	354	4	890349060
716	483	5	879795790
707	478	4	886285762
679	181	5	884487279
697	273	5	882622481
711	64	4	876278860
711	684	3	879993758
656	286	1	892318343
670	615	3	877974605
616	1313	4	891224840
672	281	3	879788819
681	898	4	885409515
571	64	4	883355063
694	195	4	875726708
715	739	2	875964681
708	268	3	892718876
684	238	3	878759545
651	242	5	880126430
678	111	4	879544397
658	724	3	875148059
712	731	5	874729750
628	300	5	880776981
647	705	4	876530628
716	91	5	879796438
673	311	4	888787396
716	275	5	879793501
698	50	5	886366101
686	204	4	879546553
711	652	4	879993824
699	1060	3	879147367
699	324	4	879147497
683	748	3	893286347
715	410	4	875962227
667	186	4	891035033
670	228	5	877975344
719	673	3	879360965
711	720	3	879995077
683	313	2	893282664
712	392	5	874729996
598	898	4	886711452
705	196	4	883518903
702	346	1	885767306
694	9	5	875726618
686	185	5	879545603
721	87	3	877140859
709	227	2	879848551
662	6	5	880571006
674	118	3	887763150
669	340	4	891182948
714	282	4	892777903
699	456	1	880696679
669	523	4	891260638
699	760	3	879147239
652	699	5	882567383
699	983	3	886568097
697	150	5	882622127
690	67	4	881177836
709	195	5	879848432
676	181	5	892686164
697	333	3	882621431
626	332	3	878771355
717	287	5	884642558
719	659	4	879373935
712	1178	4	874957086
612	118	3	875324947
684	520	4	875812065
712	385	5	874729778
715	231	3	875963273
678	181	3	879544450
709	561	3	879848209
716	235	2	879794154
718	756	5	883349384
712	366	5	874956713
696	1176	4	886403631
699	16	3	879148259
684	186	4	878762087
690	174	4	881179505
721	879	4	877136175
635	875	2	878878838
715	181	4	875961816
716	143	5	879796171
716	118	2	879793763
712	97	5	874729816
705	427	2	883518783
722	546	3	891280866
711	95	4	879993758
698	168	3	886366731
688	682	5	884153712
635	262	5	878878654
716	196	5	879796596
716	159	4	879797475
717	748	3	884641884
716	194	5	879795576
698	529	5	886366731
656	316	3	892318450
712	72	4	874730261
715	216	4	875963452
698	95	3	886367406
676	271	3	892685621
721	984	3	877137527
697	302	5	882621460
721	687	3	877137358
711	204	3	879992994
712	734	4	874957027
712	1119	4	874957269
717	25	5	884642710
699	544	4	879147109
670	650	2	877975200
717	324	3	884641842
698	478	4	886366814
724	305	3	883757259
727	123	3	883709402
676	354	4	892685437
721	289	3	877137597
705	560	2	883427951
709	29	3	879848695
656	875	2	892318842
715	33	3	875964751
676	748	4	892685538
711	269	5	879991028
715	284	4	875962109
674	282	5	887763231
709	22	5	879847946
721	333	3	877137358
725	1197	3	876106243
701	297	4	891447197
718	841	4	883349557
716	153	4	879796311
706	245	3	880996945
680	408	5	876816268
719	291	3	884900301
708	1051	4	892719193
709	823	3	879849573
711	343	3	882457816
727	678	3	883708229
691	1	5	875543346
674	929	3	887763150
715	756	2	875962280
705	265	5	883428154
727	441	2	883711924
711	1074	3	879995754
676	313	4	892685224
727	117	3	883708660
697	683	1	882621813
727	181	3	883708750
720	872	3	891262780
698	210	5	886366690
718	975	2	883349301
712	213	3	876251366
680	248	4	877075312
729	328	3	893286638
727	105	1	883709884
675	531	5	889489108
718	222	4	883348712
727	720	2	883712037
727	1119	3	883711923
613	127	4	891227204
711	483	5	879992739
609	319	1	886895516
727	68	4	883710347
726	355	3	889829235
704	304	2	891396595
715	175	3	875962964
676	688	1	892685695
646	258	3	888528417
724	342	3	883757874
727	125	4	883710598
675	509	5	889489465
679	327	4	884312731
722	124	4	891280842
729	689	4	893286638
611	333	4	891636073
728	508	4	879443265
708	535	2	877325838
657	1	3	884239123
683	350	2	893284184
688	339	5	884153712
679	121	2	884488260
702	294	1	885767555
727	367	3	883712430
691	294	4	875542868
704	211	5	891398726
703	293	4	875242990
674	25	4	887763035
721	403	4	877139638
714	252	3	892777619
709	28	5	879847946
616	260	3	891224864
689	151	3	876676501
717	293	5	884715103
571	174	4	883354940
738	188	3	875350456
695	882	4	888805836
719	126	2	884900234
689	471	4	876676433
738	651	4	892957752
676	344	5	892685657
721	317	4	877147872
679	357	5	884486812
719	66	3	888454637
713	1431	3	888881939
736	181	2	878708646
720	258	4	891262762
734	82	4	891022704
728	282	4	879443291
688	678	5	884153750
708	280	4	877325316
607	485	3	883879442
721	681	3	877137214
701	304	4	891446679
695	338	2	888806270
635	886	4	878878901
730	298	4	880310426
688	332	5	884153712
743	321	2	881277690
717	268	5	884642133
611	344	5	891636073
703	294	2	875242281
604	200	1	883668261
604	164	4	883668175
721	305	3	877137285
697	1059	2	882622208
675	305	4	889488548
721	632	4	877147675
672	864	3	879789278
677	150	3	889399402
742	258	5	881005590
737	428	4	884315066
708	1	5	877325375
679	169	3	884486904
708	938	3	892718896
683	321	5	893286207
651	268	2	880126473
687	336	2	884652144
733	10	3	879535559
734	204	4	891022938
745	492	5	880123572
736	296	4	878709365
734	99	4	891023086
713	1434	3	888882133
604	48	5	883667946
718	926	2	883348912
676	948	1	892685803
708	326	4	892719007
708	871	1	892719101
745	190	5	880123905
738	367	3	875351346
685	334	1	879451168
710	116	4	882063852
740	319	3	879522781
735	1	4	876698796
641	192	4	879370150
689	597	4	876676165
613	126	5	891227338
734	419	4	891023066
695	301	3	888806120
710	300	3	882063407
747	228	4	888639736
723	28	3	880498970
739	359	5	886825529
710	200	4	882063793
740	748	3	879522872
749	2	4	878849375
748	154	3	879454602
675	1653	5	889489913
745	215	3	880123751
718	300	5	883348269
724	311	1	883757597
646	347	2	888528392
691	56	4	875543025
735	258	4	876697561
734	98	4	891025247
747	25	3	888639318
718	111	4	883348634
749	56	2	878847404
748	528	3	879454880
680	274	3	877075312
717	322	5	884642133
704	461	3	891397712
646	1237	3	888529127
749	125	5	878848764
746	96	4	885075267
746	117	4	885075304
718	591	4	883349191
738	196	4	875350086
731	197	5	886185743
657	922	4	884239123
708	751	4	892718687
696	523	5	886404542
611	751	4	891636098
692	1040	2	876954021
701	100	5	891447139
734	166	3	891022849
733	253	3	879535407
719	50	2	879358671
641	303	3	879369827
735	741	2	876698796
749	663	4	878847988
717	328	4	884641842
737	186	5	884314944
657	286	4	884238002
749	366	4	878849903
750	330	2	879446215
743	288	2	881277690
656	344	4	892318520
691	170	5	875543395
689	125	3	876675152
739	69	5	886959069
747	108	4	888733415
738	318	5	892844112
691	8	2	875543346
743	273	3	881278061
738	151	4	875352737
747	208	5	888640862
738	205	5	892844079
738	180	5	892844112
749	49	4	878848137
741	95	2	891018400
701	255	3	891447164
748	748	4	879454208
704	152	2	891397819
673	750	5	888786969
692	756	2	876953681
719	281	3	888897264
747	23	5	888639735
738	183	5	892844079
680	845	4	877075241
714	181	5	892777876
749	1	4	881602577
745	7	4	880123019
738	199	4	892938594
726	845	3	889832358
738	96	5	892844112
724	937	3	883757670
717	150	4	884642339
728	117	4	879443321
722	118	4	891281349
657	628	3	884241192
749	142	4	878850456
657	475	4	884239057
692	100	4	876953482
628	845	5	880777167
733	147	1	879535938
733	676	4	879535603
718	240	1	883349467
751	568	3	889133334
717	294	3	884641842
747	223	5	888638913
749	399	3	878849433
730	332	3	880309870
749	252	3	878847057
747	432	5	888640567
714	255	2	892777140
702	228	5	885767774
750	286	4	879445755
756	63	3	874830908
710	22	3	882063852
749	31	5	878847209
649	1244	3	891440676
700	96	4	884494310
757	399	3	888466782
703	7	4	875242599
747	48	5	888639890
756	367	4	874827614
751	301	5	887134816
635	276	3	878879257
672	1028	4	879789030
611	286	5	891636244
692	321	3	876946833
718	689	4	883348355
733	294	2	879536001
757	196	4	888445604
734	607	5	891023066
717	100	4	884642268
636	1	3	891448229
741	783	3	891457633
631	301	4	888465107
757	71	4	888445838
756	603	5	874831383
677	323	4	885191280
751	178	5	889132896
679	416	3	884488226
747	1050	3	888640099
724	877	1	883757834
737	89	4	884314664
672	931	1	879789164
756	527	3	874828242
718	273	3	883348712
710	264	2	882063564
747	486	5	888732609
747	1375	4	888732571
745	425	4	880123540
656	303	4	892318553
672	476	5	879789462
668	29	3	881605433
741	399	2	891457456
678	7	4	879544952
703	117	4	875242814
668	333	3	881524020
611	299	1	891636223
745	520	3	880123696
714	121	4	892777903
740	289	4	879523187
736	532	4	878709365
751	248	5	889132413
752	286	1	891207940
651	286	4	879348880
710	751	3	882860806
758	347	3	885257453
741	69	4	891018550
675	1101	4	889490029
742	109	1	881335960
733	1009	2	879536723
748	22	4	879455126
737	222	3	884315127
741	435	4	891455353
678	924	2	879544397
758	135	5	881974742
732	300	4	882589552
731	378	1	886187652
646	300	3	888528418
724	266	1	883758119
737	47	3	884314970
752	272	4	891207898
751	305	2	887134730
670	15	4	877975200
701	315	5	891446559
731	168	1	886185744
758	298	4	880672727
714	597	3	892777533
719	223	5	879360442
757	161	3	888468909
720	304	4	891262697
757	100	3	888444056
692	412	4	876954196
696	689	1	886404208
758	517	3	881976377
758	127	5	880672637
722	300	3	891279945
750	301	4	879445911
696	312	4	886404322
703	458	3	875242935
758	258	4	880672230
611	268	5	891636192
756	99	3	874829258
757	7	4	888444826
741	94	3	891457483
641	484	5	879370299
741	1029	1	891457506
758	272	4	884413293
733	1129	4	879535338
741	1090	1	891455880
762	302	5	878718810
731	510	1	886186091
758	597	2	881978805
751	316	4	888871453
744	127	5	881171481
754	676	3	879451517
731	192	5	886182457
704	180	4	891397491
758	235	5	881978274
735	9	4	876698755
736	255	1	878709025
753	673	1	891402379
757	569	3	888467400
763	28	3	878915765
674	288	3	887762296
657	346	4	884238162
758	587	4	881978635
734	591	4	891022977
598	308	4	886710612
764	86	3	876246358
674	117	5	887762861
767	1068	4	891462829
681	259	2	885409882
737	175	5	884315246
763	588	4	878918213
741	54	3	891455610
743	15	3	881277855
757	651	4	888445279
754	937	4	879451061
732	873	5	882589845
767	486	4	891462560
628	361	5	880776981
728	871	2	879443321
769	269	5	885422510
720	995	4	891262762
628	173	3	880777167
691	98	4	875543281
744	603	5	881170528
750	331	4	879446114
744	237	4	881171907
758	810	3	881980195
662	93	5	880571006
731	183	1	886185744
756	550	2	874829152
719	660	5	879360493
702	313	5	885767336
701	333	3	891446788
680	121	3	876816268
755	319	3	882569801
753	79	4	891401665
731	357	5	886187538
771	762	2	880659970
768	173	5	883835053
695	319	5	888806056
773	169	5	888539232
724	690	1	883757468
734	198	1	891022734
762	116	1	878719186
714	477	2	892777408
763	88	4	878918486
757	226	3	888467038
656	346	3	892318488
734	174	4	891025247
765	285	5	880346694
772	312	4	889028941
710	265	4	883705484
766	451	2	891310824
756	117	4	874828826
756	178	5	874831383
706	628	4	880997412
720	906	4	891262697
731	487	4	886184682
748	48	4	879455083
725	264	1	876103811
764	223	3	876244625
730	50	4	880310285
672	756	2	879789244
636	258	5	891448155
733	1142	4	879535694
744	508	5	881171907
767	478	4	891463095
733	288	2	879535694
774	1091	1	888558041
750	270	4	879445877
771	690	4	880659235
724	909	1	883758208
774	1419	1	888557409
751	250	3	889132397
713	1127	3	888882225
760	65	2	875667131
763	200	4	878915015
722	122	3	891281655
751	472	2	889299043
761	278	4	876190370
757	771	2	888467160
746	128	3	885075211
765	237	3	880346797
763	1	4	878915559
687	749	4	884651746
751	418	5	889135211
761	289	2	876189871
755	294	3	882569574
719	392	4	879360846
611	313	3	891636125
777	286	2	875979137
757	678	2	888443531
680	1089	2	877075214
713	1176	3	888882224
745	519	5	880123751
759	1016	5	881476922
730	748	4	880310082
739	79	4	886958938
696	883	4	886404208
764	245	4	876244181
776	422	2	892210688
731	393	5	886183978
771	203	1	880659482
724	299	1	883758119
641	434	4	879370259
777	168	5	875980492
728	25	4	879443155
760	183	2	875667366
675	1255	1	889490151
733	847	3	879535471
756	404	3	874830908
780	70	2	891363969
773	72	3	888539531
766	487	3	891309090
745	177	3	880123572
646	313	5	888528457
774	195	3	888557236
571	964	4	883355063
719	742	4	879358893
751	487	5	889134705
761	147	4	876190370
726	819	3	889832688
652	301	1	882566948
728	322	4	879442761
677	307	5	885191227
766	1444	2	891310508
744	963	5	881170576
761	294	3	876189664
744	428	4	881170528
773	27	1	888540218
714	871	3	892777903
765	15	2	880346491
774	739	2	888558187
761	924	4	876190723
613	1	4	891227410
779	284	3	875994401
763	960	4	878915958
752	748	4	891208392
766	53	4	891310281
649	15	4	891440373
677	126	1	889399265
752	300	3	891208126
737	180	4	884314644
774	920	2	888559297
764	118	3	876243046
766	229	3	891310210
760	181	3	875666268
756	398	3	874831050
776	769	3	892920446
764	140	3	876245940
734	662	3	891022704
722	7	4	891280842
745	285	1	880123905
774	511	3	888556483
731	216	5	886184682
778	94	2	891233603
763	367	3	878918871
679	64	4	884487052
761	1197	3	876190025
743	224	5	881277931
722	237	4	891280988
782	1216	2	891500150
736	50	3	878708579
764	742	3	876243410
786	276	1	882841875
754	284	3	879451775
764	820	3	876243953
680	9	4	876816106
774	576	1	888557520
773	64	4	888540507
771	88	4	880659970
778	78	1	890803860
754	9	4	879451626
723	174	4	880498996
786	405	4	882842311
748	71	3	879454546
773	959	4	888539608
766	357	4	891309558
612	604	4	875325256
687	678	4	884652482
725	245	4	876103793
681	539	4	885409810
740	242	4	879523187
784	269	5	891387155
748	496	4	879454455
768	282	4	880135987
677	1	4	889399229
720	306	4	891262635
771	83	5	880659369
724	300	3	883757468
770	477	4	875972259
777	153	1	875980541
724	1176	1	883757397
710	50	4	882063766
780	433	1	891363826
788	568	3	880869862
674	50	4	887762584
722	412	2	891281679
788	723	3	880870207
766	483	3	891309250
766	82	3	891309558
770	301	4	875971703
776	672	3	892920381
788	23	3	880868277
751	735	4	889134332
756	122	1	874831227
702	259	3	885767604
680	98	4	876816224
771	237	5	880659482
731	205	1	886187652
773	239	4	888539512
766	77	2	891310313
773	229	3	888540112
782	250	4	891499440
746	184	4	885075267
679	73	4	884488036
720	345	2	891262762
726	274	4	889831222
739	100	5	886825383
789	1012	4	880332169
743	100	5	881277962
710	197	4	882064200
786	177	4	882843646
706	333	1	880996945
782	1600	3	891500066
741	5	3	891455671
710	99	4	882064434
672	1061	4	879789566
772	898	3	889028941
786	633	4	882843237
790	380	4	885157419
790	1074	3	885158235
787	310	5	888979007
771	258	5	880659323
782	1023	3	891499611
766	90	1	891310313
695	313	2	888805836
670	174	4	877975344
786	230	4	882844295
770	875	4	875971612
782	322	4	891498381
773	91	4	888539232
701	750	5	891446588
783	288	3	884326274
766	98	3	891309522
733	293	4	879535559
773	639	4	888538931
748	8	4	879455126
741	31	3	891455516
777	357	5	875980235
768	278	2	883835210
755	875	1	882570023
783	334	3	884326461
785	195	4	879438984
778	7	4	890725886
703	147	3	875243049
782	938	3	891498030
714	237	3	892776261
776	234	5	892920290
789	127	5	880332039
763	286	4	878914901
770	508	5	875972322
703	257	5	875242990
788	480	3	880868473
752	313	3	891207791
760	723	2	875669011
720	315	4	891262608
774	527	1	888556698
794	242	5	891034156
750	294	4	879445961
784	307	4	891387623
695	260	4	888806150
776	485	2	891628656
774	89	2	888557198
695	1024	5	888805913
767	207	5	891462759
652	395	3	882567383
720	1062	5	891262812
613	509	4	891227236
768	340	2	879523820
748	174	5	879454405
794	887	4	891034284
729	333	4	893286638
780	662	5	891363756
649	291	5	891440330
787	899	3	888979074
764	143	5	876245331
778	1273	3	890726925
735	744	3	876698714
781	483	5	879633942
737	12	4	884314922
771	28	5	880659392
687	340	4	884651894
786	471	4	882842311
774	294	1	888555792
788	754	4	880867477
779	257	4	875993201
796	1074	1	893047691
774	229	2	888557329
767	98	5	891462560
773	559	2	888540314
761	214	1	876190510
755	689	3	882570077
763	238	4	878915559
795	172	3	880570209
794	118	2	891035413
788	185	4	880868316
790	154	4	885156290
795	117	4	880558122
759	332	4	881476516
754	619	4	879451517
672	225	2	879789437
641	865	5	879370149
780	491	4	891363651
793	276	3	875103971
771	242	4	880659235
782	683	1	891498213
681	288	1	885409810
736	246	4	878708929
782	249	2	891499399
746	196	4	885075612
773	37	3	888540352
781	100	5	879634175
793	1067	4	875103875
780	202	4	891363783
782	984	2	891498821
795	367	3	883252202
782	329	3	891498213
796	401	3	893219427
796	184	1	892761544
748	228	3	879454687
761	546	5	876190468
790	157	2	885156193
761	148	5	876189829
781	474	5	879633976
784	678	4	891387895
735	333	4	876697647
672	25	5	879789056
746	231	2	885075476
790	1063	5	885156478
789	475	5	880332063
703	275	4	875242663
782	1538	3	891500109
696	305	4	886403578
777	100	1	875979380
742	321	3	881005611
696	344	5	886403672
735	276	4	876698796
764	71	5	876429672
796	418	4	893218933
742	117	2	881335528
714	472	2	892777730
703	258	4	875242076
798	94	3	875914939
798	1	4	875295695
796	229	3	893048471
786	404	4	882843500
788	229	3	880870299
788	51	4	880870018
750	306	4	879445877
777	1	4	875979431
745	174	3	880123179
796	679	4	893048471
798	998	3	875915317
796	87	5	893218728
764	321	1	876233034
713	307	3	888882311
791	289	4	879448087
760	216	2	875667366
788	235	3	880871328
728	678	4	879442794
802	135	4	875985347
735	690	4	876697561
795	1036	2	883255578
771	222	2	880659709
755	690	5	882569574
798	988	3	875295469
746	566	4	885075367
788	692	3	880869106
714	289	3	892778092
787	361	3	888979075
695	995	4	888806150
696	315	5	886403578
795	636	3	883253661
785	209	3	879439043
798	1119	3	875916421
798	164	4	875303502
800	742	4	887646477
767	187	4	891462658
804	11	4	879442954
748	678	2	879454233
688	326	5	884153606
675	650	5	889489971
798	274	5	875295772
803	286	5	880054592
796	1042	4	893194740
802	294	4	875984637
754	476	4	879451742
796	159	3	893194685
788	70	4	880869908
670	232	3	877975448
796	540	2	893048672
675	347	4	889488431
780	199	5	891363723
764	31	4	876246687
780	98	1	891364027
780	467	3	891363904
786	449	2	882844096
740	322	3	879522839
759	300	5	875227686
796	527	3	892675654
754	742	3	879451991
775	348	3	891032804
802	286	2	875984532
689	7	5	876676334
804	546	3	879443884
804	31	4	879442792
792	111	3	877910126
735	813	4	876698570
793	298	4	875103971
730	109	4	880310390
775	286	4	891032741
689	250	5	876676334
763	210	3	878915015
752	271	5	891208452
636	9	3	891448185
735	628	3	876698755
798	151	3	875554819
675	874	4	889488679
770	1	5	875972219
777	216	4	875980597
763	11	4	878918333
786	86	4	882843006
735	25	4	876698684
744	628	2	881172357
777	690	4	875979137
746	546	3	885075434
745	8	4	880123627
792	595	3	877910305
776	442	2	892920480
800	127	4	887646980
768	65	4	887305100
675	258	3	889488679
651	327	4	880126473
793	121	3	875104193
795	100	5	880555946
752	310	1	891207791
804	204	4	879441450
641	268	4	879369827
720	269	3	891262608
753	898	4	891400364
677	845	3	889399327
754	819	3	879452116
772	879	4	877533731
781	288	2	879633862
804	82	5	879442001
685	325	3	879451401
752	340	4	891208077
688	336	2	884153728
783	346	5	884326424
779	471	4	875993165
798	719	1	875743196
702	288	1	885767306
706	100	1	880997211
685	327	2	879451234
743	297	5	881277931
790	174	4	885155572
706	50	5	880997142
799	479	5	879254026
691	50	4	875543191
804	1076	3	879446162
613	194	5	891227299
805	319	2	881696876
776	168	5	891628656
790	38	2	885157929
805	715	4	881698828
670	480	5	877975017
767	495	4	891463095
798	138	3	876176160
795	502	3	883251421
804	318	5	879441450
790	284	4	884461888
746	56	3	885075211
743	268	4	881277551
804	588	4	879442687
802	323	5	875984722
753	515	5	891401712
750	271	4	879445911
804	399	4	879445111
806	324	2	882384513
790	412	4	885158495
786	429	4	882843237
657	109	1	884239886
802	452	4	875985976
790	1183	2	885157956
804	198	5	879441391
689	222	5	876674954
805	17	4	881695346
804	433	4	879444714
687	264	3	884652197
662	813	3	880570194
768	1016	2	883834814
805	387	3	881696905
769	15	3	885423824
776	496	3	891628708
798	1224	2	875638842
744	482	3	881171420
687	319	4	884652276
755	304	4	882569881
790	139	2	885157748
793	824	3	875104000
787	269	3	888979547
786	187	4	882843112
806	405	3	882385762
794	475	5	891035822
775	258	4	891032837
807	399	4	893080801
771	993	4	880660199
807	419	5	892528813
739	969	1	886959039
806	629	3	882389862
706	1	4	880997324
777	56	5	875980670
695	346	5	888806011
807	117	4	892528813
792	124	4	877909865
755	269	5	882569604
641	496	2	879370337
768	756	3	883835053
739	286	2	886825020
746	232	3	885075304
797	307	2	879439190
801	890	2	890333150
805	321	3	881705292
780	208	3	891364125
776	127	5	891628731
736	248	4	878709365
809	678	2	891037172
806	705	4	882387595
681	304	3	885409742
805	595	3	881695951
743	311	5	881277551
760	604	4	875668219
807	385	4	892530349
754	255	3	879451585
809	289	1	891037020
778	265	4	890726003
795	4	4	881253238
677	1240	5	889399671
815	196	4	878694526
785	22	4	879438957
739	132	4	886959039
802	447	2	875985686
670	98	2	877975731
807	465	4	892529448
807	471	4	892775416
817	748	4	874815649
752	288	5	891208452
807	250	4	893084375
662	319	3	880569520
805	755	3	881705810
805	747	3	881696729
806	177	3	882388254
805	176	4	881684185
821	742	4	874793130
770	255	4	875972099
652	245	4	882567058
795	235	3	880560263
762	237	3	878719294
815	944	3	878696318
768	845	2	880135875
688	754	5	884153606
818	302	5	891870264
805	475	5	881704016
795	407	3	880560679
673	328	4	888787355
793	294	5	875103584
814	565	3	885411347
805	576	4	881695040
761	678	2	876189689
806	182	5	882387925
812	288	4	877625294
792	1132	3	877910160
815	386	2	878696563
742	181	3	881335281
753	96	1	891401366
688	259	5	884153750
776	436	4	892920350
730	300	3	880309964
823	94	2	878439497
806	407	3	882386125
768	117	4	883834981
746	550	4	885075367
702	300	3	885767461
768	257	4	880136012
787	292	3	888979236
806	3	2	882385916
720	749	3	891262812
806	192	4	882387798
772	326	4	877533625
674	1	4	887762799
794	50	5	891035307
795	186	3	883249522
776	164	3	892920290
780	133	5	891364086
809	272	5	891036743
768	70	4	888798611
769	546	4	885424242
803	271	2	880054833
700	50	5	884493899
688	329	5	884153606
825	111	3	892947930
807	239	4	892529805
817	124	4	874815885
571	462	4	883354992
726	257	3	889831166
823	211	5	878438585
760	278	4	875666242
807	636	4	892530752
770	118	4	875973080
802	327	2	875984861
769	934	4	885424462
815	173	5	878695241
732	882	5	882589819
752	896	3	891207846
827	329	3	882807787
823	81	4	878437836
825	423	5	881101641
802	444	4	875985840
806	654	5	882387837
806	238	4	882388082
793	1142	5	875104068
781	322	2	879633862
780	357	5	891363723
807	1444	3	893082702
801	895	5	890332929
778	239	4	890726303
736	515	5	878709365
791	299	2	879448035
829	278	1	881712488
723	137	3	880498970
759	678	2	875227742
807	1050	5	892529311
692	127	3	876948910
783	876	4	884326424
742	508	4	881335461
678	50	4	879544450
752	347	4	891207846
829	189	4	891992008
753	359	4	891399477
811	301	5	886377530
681	286	5	885409370
739	96	5	886959039
722	151	5	891281020
762	1662	1	878719324
613	607	4	891227236
815	483	5	878696284
830	385	4	891561805
825	20	2	889021180
685	873	2	879451401
742	1012	4	881335528
703	1047	3	875243028
826	336	4	885690064
817	118	3	874815947
826	313	5	885689782
612	300	4	875324266
831	877	2	891354391
729	683	2	893286511
778	193	4	890769241
598	258	5	886711452
703	50	5	875242813
713	340	3	888882133
819	1537	5	884012662
753	182	3	891401851
778	1035	1	890804607
678	282	3	879544952
778	616	4	890726086
828	1646	4	893186124
808	333	4	883949519
815	182	3	878693424
732	690	5	882589626
827	347	3	892157356
823	684	4	878439391
649	1283	2	891440528
799	45	4	879253969
726	1014	1	889832744
778	230	2	890804025
777	205	4	875980306
770	919	5	875972024
825	1047	3	880756934
823	1217	1	878438435
814	656	3	885410957
736	257	3	878708721
793	844	4	875103842
823	502	5	878439008
831	96	5	891354668
794	238	5	891035135
770	25	5	875972582
696	234	4	886404617
814	100	4	885410957
828	887	4	891033611
770	546	4	875972699
829	1067	4	891990842
784	1038	3	891387704
815	183	5	878694381
823	739	4	878439582
761	181	5	876190072
825	369	3	880756862
835	1	3	891033420
833	340	5	879818293
833	544	1	875133458
689	111	3	876676501
811	292	3	886377041
725	258	4	876106729
762	475	5	878719219
770	300	5	875971612
649	323	3	891440624
823	31	5	878439038
673	242	4	888787508
836	165	4	885754149
792	546	3	877910353
765	127	5	880346722
823	210	4	878439498
816	309	5	891711801
753	484	5	891401757
835	325	5	891032391
783	333	4	884326383
826	1239	4	885690854
825	544	3	889021037
833	546	2	875036354
823	191	5	878437623
772	321	5	877533625
815	357	5	878693906
706	118	3	880997464
830	413	1	891899475
836	268	3	885753475
838	298	3	887064476
750	300	3	879446013
689	109	5	876675152
737	127	5	884315175
839	237	3	875752317
823	7	5	878438298
835	143	5	891033819
787	304	4	888980193
840	479	4	891204385
759	258	4	875227686
760	819	1	875666064
775	264	4	891033071
840	152	4	891204160
808	294	5	883949986
825	294	4	880755305
840	845	5	891203553
833	161	1	875224515
833	156	4	875038775
816	258	3	891711378
835	193	4	891033148
826	431	5	885690636
781	127	5	879634017
767	100	5	891462560
740	288	4	879523187
815	216	3	878693381
799	50	4	879254077
840	423	5	891209449
819	862	2	884012586
722	147	3	891281158
700	79	3	884494420
743	300	4	881277267
818	316	4	891870301
815	524	4	878693381
833	673	4	875224039
740	938	1	879522906
760	185	2	875667450
802	441	3	875985840
816	343	4	891711423
814	185	3	885411030
787	348	4	888979875
801	307	4	890332853
833	483	4	875122716
779	411	3	875999002
696	310	4	886403673
827	258	3	882201175
803	243	1	880055548
802	300	4	875986155
833	121	1	875133458
732	286	5	882589593
830	739	4	892503093
831	245	2	891354226
755	259	3	882570140
730	125	4	880310521
832	181	3	888260089
835	708	5	891035078
678	25	2	879544915
830	69	5	891898262
810	301	5	890083124
840	517	4	891204322
792	21	3	877910444
836	12	5	885754118
825	986	5	881185343
839	123	3	875752560
844	22	4	877386855
742	250	3	881336006
800	118	3	887646342
743	298	4	881278061
843	186	2	879447170
713	689	3	888882225
840	647	5	891205004
753	483	5	891401712
792	1011	3	877910730
829	268	4	886631672
769	824	2	885424511
817	1	4	874815835
838	173	5	887065782
828	171	3	891036568
802	559	2	875985840
775	310	3	891032837
784	303	4	891387077
636	313	5	891448155
793	458	3	875104243
834	269	5	890860566
836	896	3	885753506
744	28	3	881170416
787	311	4	888979605
778	582	1	891232769
846	1074	3	883950859
797	50	5	879439314
831	591	4	891355004
828	19	5	891035613
843	452	2	879443442
833	367	3	875123359
792	1335	4	877910353
826	38	3	885690750
687	748	3	884652276
833	129	3	875035718
825	283	2	880756224
835	393	5	891033718
814	200	4	885411204
838	596	5	887064275
846	94	4	883950711
737	427	3	884314970
571	604	3	883354886
830	82	3	891561673
833	187	5	875124348
750	269	4	879445755
688	1234	5	884153712
846	627	4	883949594
739	216	4	886958831
767	56	4	891462759
730	15	4	880310264
729	879	3	893286299
787	333	3	888979074
846	57	2	883949121
781	324	4	879633862
571	47	3	883354818
803	748	1	880054885
729	690	2	893286149
843	298	2	879444531
840	732	3	891204947
825	276	1	880756575
837	476	3	875722225
813	294	1	883752051
742	222	2	881336006
834	744	4	890862527
842	362	3	891217891
744	1134	3	881171482
826	241	4	885690600
701	257	4	891447197
772	307	4	889028773
739	1429	5	886825529
750	688	1	879446013
846	377	2	883950155
706	25	4	880997385
792	844	4	877910822
829	192	5	881712519
837	845	4	875722392
700	180	3	884494278
847	290	4	878775523
785	423	2	879438957
673	268	1	888786997
792	24	3	877910091
739	526	5	886958895
772	678	4	877533546
836	180	5	885754200
843	665	3	879443482
754	744	3	879452073
844	403	3	877387825
760	202	3	875667834
835	660	4	891033986
840	135	5	891204356
848	164	5	887043421
838	732	4	887066782
652	282	4	882567294
846	382	3	883948989
713	313	3	888882179
848	294	5	887037669
843	238	3	879446359
840	478	3	891204627
843	98	3	879443668
722	291	4	891281228
837	220	4	875722007
828	57	3	891037640
822	1091	1	891038627
815	153	4	878695020
825	7	5	880755612
792	476	1	877910206
846	60	4	883948606
830	233	3	891561737
847	185	2	878939503
838	748	3	887060972
830	100	5	891560934
681	258	1	885409516
791	327	5	879447977
810	879	5	890083124
846	1518	2	883950186
846	90	2	883950001
830	511	5	891561673
828	971	4	891380167
636	121	5	891449212
834	282	4	890863052
831	181	5	891354866
848	1126	5	887043265
760	162	3	875668418
834	293	3	890862974
828	921	4	891037948
821	180	5	874793517
835	157	4	891033526
769	258	3	885422650
779	222	4	875503280
843	615	3	879446215
821	97	5	874793848
848	481	3	887038527
826	172	5	885690481
834	258	4	890860194
783	335	3	884326545
834	100	4	890862311
852	685	3	891036435
729	354	5	893286637
851	1009	2	874789084
849	928	5	879695153
828	269	4	891033574
787	329	4	888980193
835	628	3	891032930
789	93	4	880332063
830	288	1	891899475
851	27	4	875806765
649	147	4	891440214
840	465	4	891204798
840	166	5	891204798
837	225	3	875722371
821	275	5	874792369
838	181	5	887063696
837	274	4	875721989
794	514	5	891035604
847	826	3	878939266
755	343	3	882570077
831	333	4	891353915
730	117	3	880310300
813	289	4	883752455
830	225	3	891560596
839	260	2	875751560
767	141	4	891462870
844	195	3	877387825
767	172	5	891462614
839	257	3	875751930
854	186	3	882814298
848	69	2	887043340
838	318	5	887067085
838	72	4	887067162
791	328	4	879448087
826	50	5	885690525
839	244	3	875751958
848	32	5	887042871
846	566	5	883948874
850	204	5	883194859
854	979	4	882813315
836	880	4	885753506
843	444	2	879443442
793	150	4	875103842
835	654	5	891033173
818	912	3	891870301
829	318	5	883149860
851	1245	4	875730826
839	825	4	875752274
784	328	3	891387502
854	475	4	882812352
814	559	3	885411132
849	143	5	879695515
858	331	3	880932343
847	288	4	878774722
848	529	5	887042871
851	987	1	875730601
732	938	1	882590201
837	535	1	875722246
794	221	4	891036222
854	499	4	882813537
813	335	2	883752417
826	92	4	885690636
853	1025	4	879365360
851	693	5	875731816
846	258	3	883946284
725	300	4	876106729
801	259	3	890332986
843	448	4	879443297
851	11	5	875731441
844	90	3	877387242
850	208	5	883194973
826	182	4	885690600
855	283	3	879825383
830	194	4	891898720
835	131	5	891033560
817	358	4	874815679
854	87	4	882814063
824	678	3	877021121
700	168	3	884494420
785	1050	3	879439232
828	325	2	891035438
787	307	4	888979074
852	473	3	891036884
706	331	5	880996945
852	408	5	891036843
843	636	4	879443837
753	510	4	891401457
827	268	4	882201175
827	313	3	892157221
849	172	5	879695469
775	270	2	891032742
797	328	2	879439136
845	311	4	885409493
853	302	4	879364669
839	281	3	875752456
851	272	5	891961663
841	892	3	889067182
859	111	4	885776056
862	50	5	879304196
791	50	5	879448338
826	161	3	885690677
856	879	3	891489450
813	538	3	883752380
820	538	3	887954906
863	754	3	889289067
732	324	2	882590201
784	292	4	891387315
706	7	3	880997412
844	423	3	877382762
772	332	4	877533731
852	323	3	891036039
793	109	4	875104119
571	194	3	883354818
851	255	3	890343651
836	507	4	885754149
851	544	4	874728396
702	1127	2	885767414
794	557	4	891036008
854	126	3	882812826
775	269	4	891032742
838	497	5	887067162
725	100	5	876106729
691	478	4	875543281
850	490	5	883194859
843	145	3	879443597
860	4	4	885991163
848	152	5	887046166
744	238	4	881170416
845	903	4	885409493
832	334	2	888259984
854	409	2	882813421
851	338	3	891961750
837	19	4	875721948
853	331	2	879364822
853	245	3	879365091
856	678	3	891489666
863	264	3	889289385
828	753	4	891037047
725	358	3	876103744
841	331	5	889066999
856	258	4	891489356
755	302	4	882569771
847	405	3	878938982
696	313	3	886403672
759	298	4	875227858
839	276	3	875751799
851	564	3	875806892
841	748	4	889067253
854	122	3	882813287
857	294	3	883432251
850	202	4	883194737
864	71	3	888889389
765	25	4	880346418
838	169	4	887067390
863	301	4	889289240
864	408	5	877214085
864	53	4	888891794
865	1028	1	880144024
753	499	3	891402323
765	242	5	880345862
841	288	3	889067046
847	238	2	878939975
862	407	3	879303843
838	311	4	887060659
847	1172	1	878939803
811	304	5	886377311
848	584	3	887039531
854	1014	3	882813315
775	272	4	891032742
864	642	3	888890432
829	250	3	882816754
598	343	2	886710795
817	147	3	874815947
785	301	4	879438565
834	762	4	890863072
775	331	4	891032923
772	304	4	876250442
868	204	2	877105882
777	157	3	875980235
854	273	4	882812852
784	286	3	891386988
832	326	4	888259121
839	475	5	875751856
867	660	4	880078723
852	118	4	891037262
828	1268	2	891038098
847	763	1	878775914
867	196	3	880079043
784	271	3	891387623
775	343	4	891033022
845	877	2	885409719
864	50	5	877214085
854	281	3	882813047
867	480	5	880078401
859	25	4	885776056
861	170	5	881274672
831	1	4	891354573
810	326	5	891873739
867	23	5	880078723
865	928	1	880144368
868	1031	1	877109535
598	312	5	886711452
765	286	5	880345862
848	615	5	887037980
809	328	5	891036989
701	50	5	891447197
857	321	4	883432352
832	471	4	888260089
864	273	5	878179555
862	210	4	879304410
837	628	3	875722225
841	270	4	889067045
870	517	2	875680597
571	657	4	883354992
863	1294	4	889289618
820	289	2	887955020
860	289	3	880829225
772	313	5	889028363
839	1664	1	875752902
824	286	2	877020871
817	15	3	874815836
783	328	4	884326545
858	286	4	879458829
868	398	1	877109082
850	56	1	883195034
829	339	2	891992167
818	1105	1	891883071
848	480	5	887040025
871	245	3	888192475
862	505	4	879305016
831	1063	4	891354668
631	307	4	888465033
783	345	4	884326461
862	127	5	879304196
850	566	5	883195256
811	294	4	886377483
870	952	3	880584584
864	168	4	888888067
847	434	3	878941520
852	257	4	891036414
875	772	5	876465188
783	260	4	884326690
867	211	3	880078484
844	179	3	877387548
775	307	4	891032989
821	181	4	874792521
862	357	3	879305204
789	1161	3	880332189
794	24	5	891035957
797	781	5	879439594
831	273	3	891354773
876	294	4	879428145
687	288	4	884651576
821	174	5	874793773
872	332	3	888480019
829	1018	2	881707829
829	512	4	881698976
831	340	4	891354000
844	71	3	877388040
791	286	3	879447907
864	708	3	888889863
875	169	5	876465025
845	750	3	885409719
866	319	4	891221302
834	275	3	890862648
853	748	2	879364883
868	738	2	877108624
812	1393	3	877625224
862	288	5	879302533
868	562	2	877112440
871	515	4	888193176
631	338	2	888465299
864	208	4	888888994
868	206	5	877108352
652	538	4	882567012
864	1446	3	888889948
860	283	4	885990998
837	596	3	875721969
794	847	5	891035822
864	566	4	888889601
789	286	1	880332039
781	64	4	879634387
803	690	4	880055210
800	864	4	887646980
818	286	4	891870222
803	887	5	880054671
818	328	4	891870301
821	118	3	874793218
811	748	3	886377579
870	481	4	875680046
862	215	4	879304624
877	382	3	882677012
853	326	2	879364955
868	1480	1	877111932
800	457	2	887646168
861	294	3	881274504
831	272	5	891353915
844	627	3	877388040
799	499	4	879253969
857	898	5	883432141
814	674	3	885411030
873	292	5	891392177
860	715	4	885991198
779	243	4	875501402
821	64	5	874793649
827	331	3	892157376
862	193	4	879304326
784	312	3	891387623
817	281	4	874816007
662	285	5	880571005
723	1	3	880499050
862	168	4	879304526
772	327	4	877533873
867	135	5	880079065
862	1011	5	879303123
791	269	4	879447940
850	8	5	883195055
852	151	4	891036922
880	386	3	880174995
878	283	3	880868035
740	300	4	879523187
730	815	3	880310490
870	642	4	875680258
880	824	4	880174879
877	31	4	882678483
841	353	1	889067253
869	412	5	884493279
880	307	4	892958090
702	229	4	885767775
868	568	1	877107847
871	346	3	888192859
878	582	4	880866810
737	156	5	884314693
844	553	4	877387242
829	13	4	881086933
839	321	1	875751470
870	566	2	882123618
813	342	1	883752417
791	319	2	879448086
841	286	5	889066959
880	299	4	892958517
821	126	5	874792570
880	398	3	880167965
834	313	5	890860566
871	174	5	888193176
880	232	4	880167806
800	304	3	887645987
822	333	4	891033747
870	521	3	875679795
685	337	2	879451401
837	283	5	875722069
678	287	3	879544397
881	54	4	876539387
844	154	3	877387052
861	1227	4	881274936
832	25	2	888260157
706	288	3	880996945
821	1084	5	874792285
863	270	3	889288943
881	133	4	876537718
868	581	2	877109748
880	301	4	880166557
765	248	2	880346392
870	54	2	879714458
691	524	5	875543153
881	423	4	876538726
836	429	4	885754200
852	546	4	891037245
865	7	5	880143425
781	223	4	879634175
852	127	4	891035544
872	258	4	888478698
879	300	3	887760802
847	1050	3	878940618
844	228	3	877387858
803	754	2	880054754
870	511	3	881001249
871	27	2	888193275
869	846	2	884492201
869	310	4	884493279
784	270	3	891387249
872	323	2	888480019
837	15	3	875721869
880	791	2	880174961
836	875	1	885753752
883	792	4	891694182
867	79	4	880079142
855	198	4	879825613
814	590	2	885411749
849	15	5	879695896
878	642	3	880866971
870	466	4	878737789
812	326	4	877625294
841	272	4	889066780
834	7	4	890862974
867	956	4	880079142
880	651	5	880167695
832	245	3	888259984
832	681	2	888259984
881	550	3	876539261
878	427	5	880872394
880	820	3	880167384
799	258	5	879253668
881	671	3	876537512
880	295	5	892958887
872	815	4	888479434
875	334	4	876464800
883	7	5	891754985
870	171	4	875050698
845	1592	3	885409493
883	144	4	892557605
810	294	5	879895233
863	882	4	889289570
868	1	4	877103320
877	237	4	882677827
883	68	4	891696957
678	147	4	879544882
769	748	2	885422821
821	100	2	874792285
882	193	5	879867263
678	1	5	879544882
847	108	2	878939266
730	742	3	880310553
881	663	5	876538322
791	288	3	879447907
873	258	3	891392818
861	714	4	881274899
877	270	4	882676054
779	181	5	875501734
870	134	4	875050697
779	15	4	875501782
884	116	4	876858914
882	616	4	879879807
754	595	2	879452073
861	949	4	881274937
881	1118	3	876538131
810	333	5	886614819
817	129	4	874815836
834	292	5	890860566
883	129	5	891755088
881	180	5	876538063
865	825	1	880144123
755	748	4	882570141
883	727	3	891696750
883	83	3	891693200
859	249	5	885775086
652	288	2	882566890
878	692	4	880869191
861	289	5	881274504
811	690	5	886377248
863	1062	4	889289570
883	749	3	891695490
861	52	5	881274718
865	929	2	880144539
728	100	5	879443321
877	949	3	882677440
811	258	5	886377311
886	4	3	876031601
808	271	3	883949602
881	49	5	876538986
881	53	2	876539448
877	271	4	882676507
868	91	3	877107817
881	204	4	876538506
791	300	5	879447977
878	511	4	880866810
812	358	3	877625461
832	328	3	888259020
810	313	5	885406451
863	352	1	889289491
662	1380	2	880570952
820	748	1	887955223
884	70	4	876859208
878	659	4	880870854
824	991	3	877021121
883	311	4	891691505
859	276	4	885776056
883	50	4	891696824
740	286	5	879523187
866	321	3	891221302
742	13	4	881335361
769	831	1	885424534
836	216	4	885753979
850	173	5	883195008
886	175	4	876031550
871	1197	3	888193136
882	409	4	879863031
871	1119	3	888193384
883	135	4	891717319
736	1388	5	878709365
865	597	1	880144368
863	902	5	889289456
779	300	3	875501300
860	303	3	876074139
877	515	5	882677640
866	306	4	891221165
884	275	4	876857845
877	274	4	882678105
813	259	2	883752528
885	1311	2	885714582
742	15	4	881335461
871	177	5	888193336
849	288	5	879695056
860	211	3	885990998
884	9	5	876858820
879	237	4	887761309
885	210	5	885713544
884	269	5	876857704
882	515	5	879865307
872	106	3	888479624
827	272	4	884213984
824	321	2	877021002
885	405	4	885715691
871	895	3	888192689
889	72	3	880181317
852	597	3	891037562
889	659	4	880178367
813	877	1	883752331
863	333	5	889289123
889	134	4	880179648
886	819	4	876033897
860	514	5	885991040
865	245	3	880235263
889	160	4	880180945
852	289	2	891035325
878	949	3	880871600
845	313	4	885409374
863	315	5	889288910
836	496	4	885754231
889	654	3	880178512
874	306	4	888632194
886	781	4	876033340
889	65	4	880180817
879	282	4	887761865
762	875	5	878718996
740	294	4	879523187
885	428	4	885713461
877	286	2	882675993
867	318	5	880078424
889	58	3	880178130
884	322	3	876857745
886	68	3	876032422
878	172	4	880870854
892	134	5	886608591
867	96	5	880078656
789	293	4	880332259
789	9	5	880332114
857	300	3	883432251
872	597	4	888479370
850	300	5	883194367
850	210	5	883195301
886	147	5	876033228
890	118	2	882915661
892	273	4	886608681
886	235	3	876032739
889	168	4	880178449
889	762	3	880177154
889	246	4	880176926
893	56	5	874829733
885	1	5	885714990
841	754	4	889067045
783	264	4	884326726
887	931	3	881379009
886	233	3	876032126
781	205	5	879634256
859	421	5	885776384
882	204	5	879864697
891	546	3	883489282
894	15	3	880416340
867	174	5	880078991
886	160	1	876031550
783	269	4	884326274
893	147	3	874828569
810	331	4	891873686
892	781	4	886610137
889	819	2	880177738
894	888	4	879896756
894	405	3	880416177
860	294	2	880829225
882	173	5	879867980
882	140	3	879879868
891	117	3	883488774
781	204	4	879634256
877	60	5	882677183
890	98	4	882403446
865	169	5	880235059
882	71	5	879867631
857	14	4	883432633
892	151	4	886609330
871	1385	3	888193136
878	655	3	880866687
887	1012	1	881378153
814	448	3	885411030
687	988	3	884652429
894	333	4	879896756
887	839	4	881379566
894	246	4	882404137
871	747	3	888193541
894	297	4	880416380
892	849	2	886610341
785	12	4	879439137
859	1014	4	885775564
886	1303	1	876033987
728	546	2	879443155
876	48	5	879428481
857	325	1	883432397
681	690	4	885409770
886	232	3	876032973
820	315	3	887954828
896	1101	2	887159110
896	403	1	887160554
873	300	4	891392238
824	294	3	877021002
636	100	5	891448228
858	292	3	879459087
878	794	4	880869418
812	294	5	877625367
887	1015	5	881377933
877	59	5	882677012
893	426	4	874829733
691	631	4	875543025
896	108	3	887159854
858	181	2	879460595
702	687	1	885767629
845	272	3	885409374
882	186	5	879879731
882	215	5	879867816
799	654	5	879254027
631	334	2	888464941
842	268	5	891218059
894	134	4	879897198
861	86	5	881274630
892	87	5	886609263
879	1	4	887761865
728	147	4	879443418
882	105	3	879863735
896	281	2	887161172
896	67	2	887160983
853	873	3	879365091
869	312	2	884490251
678	1115	3	879544815
896	310	4	887157208
740	269	4	879523187
892	441	3	886610267
814	443	3	885411132
897	1	5	879994113
779	71	4	875999285
853	879	4	879364955
894	269	3	879896041
820	264	3	887955180
890	237	3	882575209
890	181	4	882405808
890	89	4	882403446
853	292	4	879364669
890	340	4	882402181
897	597	5	879993519
887	993	5	881378251
818	322	2	891870389
890	163	3	883010005
892	226	3	886610201
814	675	3	885410957
887	369	5	881378896
728	285	4	879443446
845	1434	4	885409719
897	472	5	879993620
789	50	5	880332114
887	1	5	881377972
901	275	3	877130677
894	302	4	879896041
803	688	1	880055043
896	525	5	887158164
896	212	2	887160582
765	522	5	880346951
892	1219	2	886611079
892	661	5	886608473
723	169	4	880498938
827	690	3	882807503
779	21	5	875996932
892	432	4	886610996
896	136	5	887158768
875	923	5	876465370
813	988	3	883752528
853	301	1	879364744
899	208	3	884121857
901	509	4	877288977
896	752	1	887161916
702	227	4	885767775
875	514	5	876465112
824	292	3	877020927
894	845	3	881443365
897	214	5	879990923
891	50	4	891638682
896	686	3	887159146
899	694	5	884121009
903	1132	3	891031949
899	209	5	884121173
822	926	2	891040155
894	752	3	888280083
808	245	4	883949822
904	9	4	879735316
819	303	4	879952508
887	111	5	881378370
732	305	2	882590201
907	1057	3	880159151
791	322	4	879448128
905	333	3	884982806
874	321	3	888632275
907	763	5	880159081
904	289	5	879735177
812	748	5	877625368
801	326	4	890332885
887	279	5	881378478
897	478	3	879991105
887	200	1	881380883
850	172	5	883195301
726	1059	5	889832806
729	288	2	893286261
907	619	2	880159038
759	1	5	875227798
890	172	5	882402905
875	171	5	876465370
855	60	3	879825528
859	762	5	885775437
897	127	5	879990647
891	591	4	891639497
841	323	3	889066880
903	100	5	891031203
901	1049	3	877127021
872	932	4	888479498
765	971	4	880346911
907	100	5	880158712
789	294	3	880332275
899	216	5	884121885
769	1028	3	885424186
890	443	4	882404541
853	323	3	879364883
726	310	4	889828404
845	269	4	885409493
879	151	3	887761425
872	1	3	888479151
903	318	5	891032793
897	227	3	879992190
885	866	3	885713102
887	1136	5	881381071
729	748	4	893286638
904	97	4	879735678
824	304	3	877020964
803	311	5	880054754
875	133	4	876464967
875	268	4	876464755
571	357	4	883355063
849	298	5	879695086
849	588	5	879695680
820	301	2	887955046
885	432	4	885714820
899	685	3	884119954
849	27	5	879695469
811	323	5	886377579
903	994	3	891031883
884	179	5	876859109
845	1463	1	885409374
800	257	4	887646980
876	178	4	879428378
813	358	3	883752606
885	596	4	885714990
800	1047	3	887646804
875	582	5	876465408
890	324	4	882404093
636	813	5	891448297
759	121	5	881476858
789	181	4	880332437
903	182	5	891380461
808	302	5	883949986
723	289	2	880498816
842	269	5	891217834
875	474	5	876465188
769	405	2	885424214
725	15	4	876106206
885	186	4	885713434
897	186	5	879994113
885	70	5	885713585
869	118	1	884492338
890	843	3	882916650
876	238	4	879428406
897	393	4	879991493
808	325	1	883949873
905	258	3	884982806
884	1214	1	876860434
729	901	1	893286491
803	245	4	880055378
736	1278	1	878709262
875	176	4	876465112
865	122	3	880144539
907	290	4	880159259
859	846	5	885775612
860	159	3	889984855
879	763	5	887761425
901	287	3	877126935
893	264	3	874828296
810	304	4	885406558
824	268	4	877020871
899	275	4	884119877
869	181	3	884490825
808	750	5	883949986
907	724	5	880159642
681	294	5	885409938
723	191	3	880499019
891	278	4	883489438
907	685	5	880158960
897	928	5	879993621
636	275	3	891448229
899	231	1	884122844
845	1394	4	885409719
861	275	5	881274612
769	284	3	885423927
884	166	3	876859207
903	409	4	891031794
891	280	3	883489646
860	1061	3	879169685
899	154	5	884122420
726	1028	2	889832592
832	876	3	888259480
903	746	2	891033302
809	286	4	891036809
901	78	4	877131738
817	328	4	874815679
800	597	4	887646555
907	340	2	880158425
901	22	5	877131045
897	151	5	879993519
907	591	5	880158913
857	19	4	883432633
860	301	2	880829226
687	895	4	884652331
859	1095	2	885775513
816	259	2	891711423
905	245	3	884983273
901	8	3	877131307
808	262	5	883949986
803	988	1	880055454
810	321	5	879895290
901	988	4	877125716
861	736	4	881274672
817	840	2	874816007
861	1148	3	881274913
857	475	5	883432663
903	203	4	891032911
859	1061	4	885776056
832	294	4	888259121
857	348	1	883432170
855	1021	3	879825578
905	328	3	884983034
866	300	1	891220881
899	751	4	884120724
842	270	5	891218251
885	239	3	885713609
822	408	5	891037291
874	340	3	888632194
903	708	4	891033808
872	111	4	888479151
904	694	3	879735551
759	117	5	881476781
801	294	5	890332748
858	289	3	879459337
899	660	4	884122564
893	117	4	874828772
903	204	3	891033335
822	1240	3	891036703
820	343	4	887955241
818	887	4	891870590
652	294	2	882566890
891	934	3	883489806
820	316	3	887955204
651	294	1	879348880
800	125	3	887646608
759	742	5	875227798
811	892	4	886377530
762	173	5	878719533
903	254	2	891032101
725	181	4	876106206
872	237	4	888479275
899	230	4	884122472
649	254	4	891440695
759	257	4	881476824
813	901	1	883752708
893	294	3	874827789
819	248	5	880382511
819	268	4	884012614
891	281	5	891639920
842	886	4	891218459
812	261	1	877625461
874	748	3	888633197
891	471	5	891639941
874	289	4	888633197
901	623	4	877131793
905	282	3	884983889
819	1160	4	880382533
872	748	3	888478942
865	676	2	880144153
859	294	3	885775218
865	268	4	880142652
893	148	3	874829287
905	300	4	884983556
801	288	5	890332820
681	1176	4	885409515
869	240	4	884491734
818	751	5	891870473
765	137	5	880346255
884	165	3	876859070
907	317	5	880159910
901	929	4	877126902
907	620	4	880159113
723	189	3	880498938
812	286	2	877625109
866	242	3	891221165
820	288	5	887954934
841	307	5	889067152
901	12	5	877132065
893	1	5	874827725
869	284	1	884491966
893	405	5	874828864
869	50	4	884490892
808	313	5	883949986
824	322	4	877021044
700	28	3	884493712
904	628	3	879735362
816	355	2	891711472
801	300	5	890332748
822	272	3	891033683
799	690	3	879253668
822	410	1	891039486
726	249	1	889832422
855	531	3	879825614
905	150	4	884984148
819	340	5	879952627
869	1134	1	884492445
857	687	1	883432470
905	7	4	884984329
856	750	5	891489250
832	873	2	888259984
822	432	3	891037394
856	310	3	891489217
700	222	3	884493899
873	294	4	891392303
904	66	4	879735641
797	988	1	879439230
905	321	4	884983463
904	778	3	879735678
857	259	4	883432397
681	328	3	885409810
819	182	4	884105025
891	531	4	883430128
869	756	1	884492780
800	276	3	887646245
649	24	4	891440460
729	322	4	893286637
893	471	4	874828897
904	421	5	879735772
801	333	5	890332885
856	315	5	891489250
725	321	2	876103700
842	344	1	891217835
874	276	4	888632484
827	750	3	892157198
891	1197	5	891638734
876	19	5	879428354
726	248	2	889832422
799	319	4	879253668
905	717	1	884984149
652	257	2	882567356
905	326	3	884983034
725	286	5	876106729
824	289	2	877021044
631	1527	2	888465351
856	749	3	891489450
884	736	3	876859329
893	724	3	874830160
849	427	4	879695317
762	515	5	878719186
855	45	3	879825383
651	285	4	879348966
819	321	4	880381928
700	531	4	884494380
631	310	4	888464980
819	315	5	884618354
811	289	2	886377426
799	484	3	879254077
799	173	5	879254077
732	245	4	882590200
856	323	2	891489593
858	269	4	879458608
651	116	2	879348966
816	313	5	891710780
876	187	4	879428354
820	271	2	887955020
816	288	4	891710724
858	307	3	880933013
700	318	4	884494420
797	127	4	879439297
866	305	2	891221006
874	150	4	888632448
879	15	4	887761865
818	690	3	891870301
849	174	5	879695469
879	1284	3	887761562
732	875	1	882590201
810	288	3	879895233
809	307	5	891036809
809	313	4	891036743
810	902	5	890083210
785	168	4	879438810
809	302	5	891036743
827	301	4	882201885
812	678	4	877625294
762	955	5	878719551
856	688	2	891489666
732	322	3	882590201
879	127	5	887761249
866	302	2	891220955
842	754	1	891218251
816	349	4	891711554
822	1110	4	891036395
809	258	3	891036903
808	286	4	883949560
855	86	2	879825462
842	751	4	891218192
874	191	4	888633311
849	633	5	879695420
813	898	1	883752264
801	354	4	890332645
785	183	5	879439232
820	313	5	887954934
812	245	2	877625367
811	307	4	886377248
858	690	3	879459087
876	276	4	879428354
822	25	3	891039543
799	174	5	879254026
866	887	3	891221165
797	687	2	879439190
762	274	4	878719371
858	100	3	880932746
904	328	2	879735136
856	313	5	891489217
904	739	4	879735678
797	181	5	879439362
822	111	4	891039414
855	179	3	879825528
819	319	4	879952627
723	322	2	880499254
762	270	4	878718855
827	689	3	882201884
874	124	4	888632411
816	326	4	891710803
856	322	4	891489593
879	222	4	887761460
797	948	1	879439230
879	597	2	887761229
876	529	4	879428451
651	683	3	880126096
785	1	4	879439137
797	286	2	879438957
818	300	2	891870222
904	451	4	879735584
816	294	5	891711801
785	288	3	879438537
808	300	4	883949681
816	331	5	891710922
874	197	4	888633310
873	750	3	891392303
874	14	4	888632411
797	748	1	879439105
812	881	4	877625537
801	301	5	890332820
824	288	3	877020927
723	258	4	880498768
842	313	4	891217891
723	172	4	880498890
842	1105	2	891218353
858	334	4	880933072
855	165	4	879825382
809	748	3	891037091
855	529	4	879825613
842	1395	4	891218060
873	286	2	891392091
873	289	2	891392577
873	313	5	891392177
873	321	1	891392577
809	245	3	891037127
651	127	4	879348965
866	889	2	891221006
876	289	3	879428145
873	879	2	891392577
876	435	4	879428421
873	269	2	891392092
858	333	4	880933013
866	269	3	891221165
866	900	4	891221165
876	174	4	879428378
855	855	4	879825488
